50
9 14 1 2
2 12 1 2
4 5 1 2
8 11 1 2
1 17 2 1
9 15 2 1
15 16 1 2
13 14 1 2
16 5 2 1
1 16 1 2
1 13 1 2
3 8 2 1
8 5 1 2
18 6 2 1
6 9 2 1
8 3 1 2
5 10 2 1
9 9 2 1
16 7 2 1
18 2 2 1
6 4 2 1
3 14 2 1
9 6 1 2
6 5 1 2
8 3 1 2
8 7 1 2
19 15 1 2
2 15 2 1
7 13 1 2
15 3 2 1
16 15 2 1
11 16 1 2
20 17 1 2
2 17 2 1
3 16 2 1
11 15 2 1
11 13 1 2
5 13 2 1
19 3 1 2
7 9 2 1
18 5 1 2
2 3 1 2
1 13 1 2
3 18 2 1
9 16 2 1
4 16 2 1
19 2 1 2
18 4 1 2
12 11 1 2
12 10 1 2
1 1 20 156
2 1 16 391
3 1 19 98
4 1 17 504
5 1 20 37
6 2 18 317
7 2 15 195
8 2 16 406
9 2 15 277
10 2 20 254
