60
53 137 2 1
150 101 2 1
118 115 2 1
74 98 2 1
143 100 1 2
101 67 2 1
62 86 1 2
86 89 1 2
146 98 2 1
72 123 1 2
65 54 2 1
92 97 1 2
89 54 2 1
134 103 1 2
128 132 1 2
101 102 2 1
137 93 1 2
100 67 2 1
103 130 1 2
127 53 2 1
102 130 1 2
97 57 1 2
113 137 1 2
69 96 1 2
84 62 2 1
132 80 2 1
110 128 1 2
109 131 1 2
118 90 2 1
83 138 2 1
142 119 2 1
109 79 1 2
145 130 2 1
59 134 2 1
110 60 2 1
82 134 1 2
115 146 1 2
94 97 1 2
70 54 2 1
56 116 1 2
123 72 2 1
119 88 1 2
104 105 2 1
89 99 1 2
113 102 1 2
141 138 1 2
112 84 2 1
93 112 1 2
52 65 2 1
100 89 1 2
66 53 2 1
71 89 1 2
104 69 1 2
93 72 1 2
58 121 1 2
106 130 2 1
71 131 2 1
75 98 2 1
112 106 2 1
82 79 2 1
1 1 22 3759
2 1 21 643
3 1 28 5415
4 1 25 1744
5 1 28 4572
6 1 20 4171
7 1 30 4
8 1 24 5587
9 1 22 3478
10 1 22 1356
11 1 22 3923
12 1 29 340
13 2 26 772
14 2 30 440
15 2 25 887
16 2 30 5118
17 2 24 3916
18 2 21 692
19 2 24 6013
20 2 28 1815
21 2 24 3622
22 2 28 4796
23 2 21 4740
24 2 23 2078
