100
18 20 2 1
19 16 2 1
20 11 1 2
15 13 2 1
16 19 2 1
20 14 1 2
13 18 2 1
18 15 1 2
17 19 1 2
12 16 2 1
16 12 1 2
17 12 2 1
13 16 1 2
20 18 1 2
16 20 2 1
15 12 1 2
15 13 2 1
10 10 2 1
11 18 1 2
10 19 1 2
12 15 1 2
20 11 2 1
10 20 2 1
19 20 2 1
20 16 1 2
14 17 1 2
11 14 2 1
18 20 1 2
18 12 2 1
17 16 2 1
17 18 2 1
20 11 2 1
16 16 1 2
11 17 2 1
14 18 1 2
20 11 2 1
15 17 1 2
11 14 1 2
19 15 2 1
13 15 1 2
13 10 1 2
16 13 2 1
12 19 2 1
18 11 2 1
10 15 1 2
20 14 1 2
20 17 1 2
16 18 2 1
14 20 2 1
17 19 2 1
14 19 1 2
13 15 1 2
12 10 1 2
14 10 1 2
18 11 1 2
16 16 1 2
12 18 2 1
19 20 2 1
16 18 1 2
12 16 2 1
17 10 1 2
14 11 2 1
19 15 2 1
20 20 2 1
15 16 2 1
19 12 1 2
19 14 2 1
20 20 2 1
18 14 2 1
13 20 2 1
19 20 2 1
11 20 2 1
12 19 1 2
16 16 1 2
10 18 2 1
10 15 1 2
15 17 2 1
12 15 2 1
11 10 2 1
16 12 1 2
13 17 1 2
14 16 2 1
12 16 2 1
15 14 1 2
14 18 1 2
14 18 2 1
17 16 2 1
12 14 1 2
17 11 2 1
16 19 1 2
15 14 2 1
13 19 2 1
13 10 2 1
18 13 1 2
14 10 1 2
18 12 1 2
11 20 2 1
17 20 2 1
17 12 1 2
18 16 1 2
1 1 14 10303
2 1 19 16731
3 1 20 2531
4 1 17 60
5 1 20 5028
6 1 15 17168
7 1 14 5446
8 1 11 21130
9 1 15 18627
10 1 12 13486
11 1 19 21946
12 1 13 2476
13 1 17 7888
14 1 17 15380
15 1 11 13500
16 1 15 17048
17 1 20 432
18 1 17 12052
19 1 11 9405
20 1 10 19888
21 2 20 19324
22 2 10 9031
23 2 11 6827
24 2 14 5337
25 2 16 9733
26 2 12 8214
27 2 19 9201
28 2 15 20677
29 2 19 85
30 2 13 13092
31 2 13 19379
32 2 14 8107
33 2 18 5992
34 2 19 12292
35 2 14 6230
36 2 13 6697
37 2 11 1964
38 2 12 10999
39 2 11 14853
40 2 15 17088
