60
90 110 2 1
121 150 1 2
72 58 2 1
50 123 1 2
79 57 2 1
123 114 1 2
101 137 2 1
87 59 1 2
126 116 2 1
94 140 2 1
86 82 1 2
101 131 2 1
106 98 1 2
51 92 2 1
64 71 1 2
107 51 2 1
98 105 2 1
145 74 1 2
138 110 1 2
84 116 1 2
98 66 2 1
133 50 2 1
59 90 2 1
107 113 1 2
120 54 1 2
145 56 1 2
100 132 1 2
147 121 1 2
109 50 1 2
103 61 2 1
79 60 1 2
114 77 2 1
141 137 2 1
125 140 2 1
73 130 1 2
50 123 2 1
73 95 1 2
132 86 2 1
112 53 1 2
81 125 1 2
148 143 1 2
51 70 1 2
132 144 2 1
102 83 1 2
102 65 2 1
85 142 1 2
110 124 2 1
70 52 1 2
89 63 1 2
53 119 1 2
144 128 2 1
106 108 2 1
107 72 2 1
68 93 1 2
106 106 1 2
132 82 2 1
50 55 1 2
52 118 1 2
103 108 1 2
147 145 1 2
1 1 25 5710
2 1 24 4620
3 1 27 3415
4 1 22 5298
5 1 25 4446
6 1 27 1876
7 1 29 1083
8 1 28 4943
9 1 23 422
10 1 22 2257
11 1 27 3197
12 1 22 87
13 1 22 1473
14 1 24 4275
15 1 20 155
16 1 29 1791
17 1 26 3978
18 1 25 463
19 1 20 2360
20 1 27 4329
21 1 20 3631
22 1 24 5555
23 1 20 5662
24 1 25 2494
25 2 23 1453
26 2 24 409
27 2 25 3360
28 2 26 83
29 2 25 1122
30 2 20 4132
31 2 26 2086
32 2 20 3642
33 2 27 1004
34 2 27 2749
35 2 20 1421
36 2 20 228
37 2 27 3759
38 2 25 4024
39 2 22 489
40 2 22 1161
41 2 24 1870
42 2 29 47
43 2 30 3009
44 2 21 5245
45 2 29 5010
46 2 21 2988
47 2 27 5435
48 2 21 4980
