100
29 6 2 1
6 14 2 1
6 27 1 2
5 14 1 2
19 12 2 1
5 6 1 2
22 28 1 2
26 24 1 2
23 7 1 2
13 15 1 2
6 17 2 1
20 19 2 1
5 25 1 2
13 29 1 2
8 23 2 1
9 5 2 1
15 17 1 2
30 19 1 2
20 6 2 1
16 24 1 2
6 29 2 1
16 24 1 2
17 21 2 1
11 15 2 1
5 11 2 1
9 9 1 2
9 10 1 2
9 12 1 2
17 22 2 1
5 20 1 2
12 15 1 2
22 27 1 2
8 17 2 1
11 9 2 1
24 23 2 1
11 24 2 1
18 18 2 1
11 22 1 2
10 26 2 1
27 29 2 1
13 20 1 2
23 26 1 2
29 17 1 2
19 11 2 1
9 10 2 1
29 21 1 2
9 16 1 2
18 16 2 1
18 13 2 1
26 12 2 1
8 26 2 1
8 28 1 2
23 30 2 1
29 26 1 2
28 9 2 1
13 27 1 2
25 28 1 2
22 12 1 2
24 8 1 2
7 23 1 2
6 5 2 1
19 12 2 1
14 30 1 2
7 6 2 1
11 5 1 2
8 6 1 2
18 6 2 1
12 25 2 1
17 29 1 2
12 21 1 2
7 15 1 2
29 30 2 1
19 20 1 2
6 14 2 1
21 14 1 2
19 20 1 2
25 17 1 2
16 24 2 1
16 28 1 2
30 20 2 1
17 7 1 2
9 8 1 2
25 14 2 1
5 24 1 2
11 30 1 2
30 29 1 2
11 23 1 2
27 9 1 2
18 24 1 2
9 10 2 1
19 28 2 1
23 6 1 2
14 27 1 2
28 27 2 1
28 14 1 2
24 13 2 1
29 9 2 1
10 11 2 1
19 30 1 2
17 5 1 2
1 1 22 1289
2 1 27 231
3 1 20 1393
4 1 28 1448
5 1 27 169
6 1 22 591
7 1 25 1318
8 1 21 550
9 1 25 804
10 1 24 1174
11 1 30 1059
12 1 27 1211
13 1 25 48
14 1 30 94
15 1 27 881
16 1 27 1241
17 1 23 350
18 1 29 705
19 1 23 1576
20 1 21 1026
21 2 21 99
22 2 20 369
23 2 25 307
24 2 26 543
25 2 25 138
26 2 24 956
27 2 24 1368
28 2 23 599
29 2 22 722
30 2 27 496
31 2 22 1536
32 2 24 794
33 2 24 1237
34 2 23 187
35 2 23 1076
36 2 21 994
37 2 21 1017
38 2 21 1461
39 2 26 851
40 2 20 71
