100
14 18 1 2
28 21 1 2
29 24 1 2
29 11 1 2
30 26 1 2
30 11 2 1
25 26 1 2
22 11 2 1
12 16 1 2
26 14 2 1
13 26 2 1
10 5 2 1
22 20 1 2
13 12 2 1
21 11 1 2
27 22 1 2
20 18 1 2
22 24 2 1
23 26 1 2
10 9 1 2
21 19 2 1
13 23 1 2
28 18 2 1
23 24 2 1
16 18 2 1
5 11 1 2
15 10 1 2
26 18 1 2
19 10 1 2
17 30 1 2
5 11 1 2
25 18 1 2
30 27 1 2
30 8 1 2
16 12 1 2
27 9 2 1
21 28 1 2
15 25 1 2
9 12 2 1
21 19 1 2
16 15 1 2
17 13 1 2
5 18 1 2
11 13 2 1
9 30 1 2
15 5 2 1
10 15 1 2
6 17 2 1
21 9 2 1
10 20 2 1
26 13 2 1
27 12 1 2
20 21 2 1
11 8 2 1
22 6 2 1
8 26 1 2
15 9 2 1
27 6 1 2
22 21 1 2
28 16 1 2
23 23 2 1
12 10 1 2
22 24 1 2
21 22 1 2
18 29 1 2
23 18 1 2
30 12 1 2
11 30 1 2
10 29 2 1
15 27 1 2
8 19 1 2
28 20 2 1
22 14 1 2
19 27 2 1
12 11 1 2
23 21 2 1
14 5 2 1
19 25 1 2
14 26 2 1
18 7 2 1
17 5 2 1
26 15 2 1
22 19 1 2
5 19 1 2
28 5 1 2
30 21 1 2
24 12 2 1
24 5 1 2
29 24 1 2
12 23 1 2
29 25 1 2
22 22 2 1
7 28 2 1
6 25 1 2
22 27 2 1
22 15 2 1
15 17 2 1
25 24 1 2
7 17 1 2
21 14 1 2
1 1 22 117
2 1 27 952
3 1 27 1040
4 1 20 1277
5 1 29 595
6 1 24 188
7 1 24 60
8 1 26 1407
9 1 29 559
10 1 26 1439
11 1 26 1079
12 1 30 1220
13 1 20 531
14 1 24 1375
15 1 30 427
16 1 23 1339
17 1 28 357
18 1 30 780
19 1 29 1722
20 1 23 250
21 2 28 834
22 2 22 965
23 2 21 1798
24 2 30 1185
25 2 25 1113
26 2 21 37
27 2 25 430
28 2 20 990
29 2 22 1315
30 2 29 1534
31 2 25 483
32 2 21 320
33 2 20 603
34 2 26 1448
35 2 22 1259
36 2 27 882
37 2 25 772
38 2 22 799
39 2 27 1384
40 2 23 1745
