100
12 6 2 1
5 27 1 2
23 6 1 2
6 20 2 1
10 23 2 1
13 12 1 2
14 6 1 2
24 28 1 2
7 18 2 1
7 15 2 1
16 25 1 2
27 26 1 2
5 7 2 1
27 27 2 1
13 16 1 2
23 17 2 1
26 23 2 1
18 25 2 1
17 22 2 1
26 14 2 1
22 27 2 1
19 25 2 1
23 29 2 1
17 16 1 2
29 17 1 2
9 10 1 2
29 28 1 2
26 6 1 2
16 13 1 2
13 16 2 1
6 17 1 2
9 13 2 1
6 17 1 2
22 21 1 2
8 22 2 1
21 6 2 1
17 20 1 2
8 27 1 2
22 7 2 1
9 18 2 1
5 25 2 1
18 24 1 2
29 30 1 2
30 28 1 2
18 11 1 2
19 7 1 2
16 22 2 1
24 16 1 2
20 18 2 1
5 14 1 2
17 30 2 1
21 23 2 1
8 16 2 1
22 15 1 2
14 27 1 2
10 9 2 1
19 29 1 2
16 10 2 1
10 20 2 1
15 30 2 1
13 16 1 2
12 26 1 2
10 12 1 2
18 8 1 2
15 18 1 2
5 10 2 1
17 25 1 2
5 28 2 1
15 10 2 1
28 12 1 2
17 27 1 2
11 26 2 1
26 25 1 2
19 17 1 2
11 8 1 2
18 20 1 2
24 19 2 1
16 28 1 2
25 17 2 1
24 11 1 2
30 11 2 1
23 29 1 2
15 14 2 1
21 19 1 2
10 21 1 2
22 22 1 2
29 18 1 2
19 14 1 2
23 17 1 2
18 27 2 1
28 30 1 2
8 21 1 2
30 7 1 2
19 19 2 1
13 11 2 1
6 10 1 2
27 19 1 2
5 29 2 1
12 24 1 2
7 22 1 2
1 1 21 1666
2 1 21 439
3 1 22 937
4 1 20 1588
5 1 30 1038
6 1 23 161
7 1 27 1804
8 1 23 1262
9 1 24 1307
10 1 22 1125
11 1 26 863
12 1 22 284
13 1 28 1086
14 1 20 1333
15 1 20 1769
16 1 27 1398
17 1 26 1536
18 1 22 367
19 1 21 84
20 1 22 341
21 2 30 114
22 2 30 268
23 2 21 1451
24 2 26 662
25 2 26 64
26 2 26 806
27 2 21 1176
28 2 29 1390
29 2 26 436
30 2 28 1314
31 2 21 1208
32 2 21 306
33 2 23 501
34 2 22 1107
35 2 21 611
36 2 26 1283
37 2 24 1034
38 2 21 153
39 2 24 1256
40 2 28 1624
