100
21 18 1 2
8 9 2 1
23 5 2 1
21 25 2 1
6 7 2 1
28 27 1 2
26 24 1 2
29 30 1 2
16 16 2 1
19 17 2 1
21 17 2 1
27 14 2 1
25 13 1 2
8 24 1 2
20 8 1 2
10 9 2 1
16 15 2 1
16 15 1 2
21 15 1 2
30 22 1 2
21 21 1 2
27 28 1 2
19 11 1 2
19 30 2 1
17 13 1 2
13 27 2 1
24 11 1 2
20 22 2 1
6 26 1 2
21 27 2 1
21 23 2 1
16 10 2 1
8 9 2 1
9 18 2 1
9 16 1 2
10 16 1 2
7 30 2 1
28 23 2 1
26 21 2 1
15 28 1 2
9 9 1 2
12 15 2 1
13 5 2 1
20 27 1 2
5 16 1 2
5 5 1 2
23 8 1 2
15 7 2 1
5 24 1 2
16 21 1 2
6 7 2 1
24 23 1 2
12 28 1 2
25 19 2 1
27 10 2 1
8 29 1 2
15 17 1 2
24 30 2 1
11 10 1 2
28 27 1 2
23 11 1 2
29 20 1 2
21 17 2 1
29 7 2 1
6 5 1 2
7 14 2 1
17 19 1 2
11 10 2 1
8 5 1 2
22 18 2 1
30 9 2 1
8 23 1 2
30 15 2 1
7 12 2 1
27 21 2 1
24 20 2 1
15 16 2 1
30 12 2 1
13 21 1 2
19 14 1 2
17 13 1 2
17 28 1 2
23 21 2 1
28 21 1 2
16 28 2 1
24 13 1 2
18 20 1 2
13 11 2 1
25 6 1 2
12 19 2 1
29 24 1 2
13 25 1 2
14 29 1 2
9 13 1 2
7 9 2 1
24 16 2 1
28 16 2 1
23 8 1 2
24 22 2 1
24 20 1 2
1 1 28 263
2 1 23 110
3 1 20 606
4 1 28 826
5 1 26 576
6 1 20 789
7 1 29 698
8 1 29 324
9 1 26 1230
10 1 26 483
11 1 25 1356
12 1 26 1114
13 1 25 1630
14 1 22 871
15 1 27 746
16 1 23 376
17 1 26 519
18 1 27 662
19 1 23 353
20 1 29 1527
21 2 27 1135
22 2 22 1043
23 2 30 1002
24 2 26 751
25 2 28 1464
26 2 21 444
27 2 24 1668
28 2 27 477
29 2 22 1185
30 2 22 116
31 2 24 368
32 2 20 217
33 2 25 686
34 2 27 147
35 2 24 415
36 2 26 1218
37 2 29 237
38 2 26 1414
39 2 23 843
40 2 26 299
