100
7 14 2 1
15 7 2 1
20 28 2 1
12 26 2 1
15 7 1 2
20 19 1 2
22 14 2 1
16 19 2 1
30 12 2 1
27 13 1 2
22 15 2 1
8 18 1 2
21 18 2 1
28 16 1 2
27 19 1 2
30 20 1 2
17 11 2 1
18 18 2 1
7 28 2 1
18 24 1 2
12 14 1 2
30 28 2 1
29 25 2 1
7 30 2 1
25 28 2 1
21 8 1 2
30 24 1 2
10 10 2 1
24 28 1 2
18 18 1 2
11 17 2 1
23 11 2 1
14 10 1 2
15 17 2 1
17 6 1 2
25 15 2 1
5 16 1 2
22 6 1 2
12 27 2 1
20 5 2 1
16 29 1 2
29 30 2 1
26 6 2 1
19 10 2 1
11 21 1 2
12 26 1 2
10 24 2 1
20 23 1 2
16 20 1 2
8 17 2 1
24 16 1 2
19 22 2 1
30 12 1 2
27 14 1 2
12 17 1 2
10 25 2 1
28 12 2 1
10 29 2 1
16 19 1 2
5 8 1 2
13 11 2 1
18 26 2 1
12 9 2 1
17 7 2 1
9 14 1 2
11 20 2 1
25 20 1 2
12 14 2 1
12 13 2 1
17 18 1 2
18 15 1 2
21 28 2 1
8 18 1 2
21 5 2 1
13 14 2 1
9 15 2 1
8 10 2 1
20 10 2 1
7 29 2 1
7 29 2 1
9 12 2 1
21 12 1 2
13 25 1 2
19 19 1 2
19 8 2 1
25 30 1 2
24 15 1 2
18 30 1 2
24 15 2 1
27 17 2 1
16 24 2 1
16 10 1 2
23 18 1 2
19 8 2 1
22 19 1 2
26 22 2 1
16 22 2 1
12 18 1 2
15 29 2 1
27 21 2 1
1 1 24 1107
2 1 26 1464
3 1 21 856
4 1 22 1625
5 1 26 473
6 1 22 1338
7 1 27 1229
8 1 27 552
9 1 20 1283
10 1 21 662
11 1 22 993
12 1 27 1194
13 1 29 956
14 1 27 1713
15 1 22 215
16 1 25 106
17 1 21 1259
18 1 21 824
19 1 20 159
20 1 23 1761
21 2 29 1141
22 2 27 68
23 2 30 1678
24 2 30 1196
25 2 25 902
26 2 27 176
27 2 23 96
28 2 20 863
29 2 28 449
30 2 27 1010
31 2 27 684
32 2 21 580
33 2 25 1073
34 2 30 777
35 2 20 829
36 2 28 273
37 2 28 410
38 2 22 1388
39 2 21 935
40 2 27 1289
