100
5 8 1 2
7 27 2 1
26 19 2 1
15 28 2 1
5 29 2 1
7 22 1 2
15 17 1 2
10 25 1 2
30 10 1 2
17 14 2 1
9 27 1 2
25 16 2 1
29 15 2 1
24 11 1 2
19 23 2 1
10 8 1 2
8 14 1 2
24 23 2 1
23 23 1 2
24 23 2 1
18 9 1 2
28 28 1 2
6 24 2 1
30 26 2 1
26 9 1 2
5 15 1 2
8 6 2 1
25 11 2 1
18 27 2 1
25 8 1 2
18 16 1 2
21 26 2 1
19 11 2 1
24 26 2 1
18 23 2 1
17 17 2 1
7 24 1 2
23 26 1 2
15 10 2 1
25 24 1 2
26 8 2 1
29 28 2 1
8 6 2 1
18 10 2 1
10 25 1 2
13 30 1 2
29 13 2 1
14 30 2 1
25 12 2 1
24 20 1 2
8 6 2 1
20 22 1 2
24 9 2 1
8 13 2 1
5 14 1 2
10 11 2 1
8 5 2 1
27 25 1 2
10 8 2 1
19 26 1 2
25 26 1 2
8 25 2 1
8 22 2 1
23 17 1 2
5 5 2 1
16 30 1 2
26 9 2 1
18 6 1 2
18 9 2 1
19 12 2 1
17 16 1 2
27 23 2 1
28 23 2 1
19 11 1 2
7 16 1 2
29 19 1 2
22 11 1 2
22 28 2 1
21 16 1 2
21 26 2 1
24 26 2 1
13 5 1 2
16 18 1 2
27 12 1 2
13 20 2 1
23 21 1 2
8 15 2 1
11 9 2 1
19 13 2 1
13 28 1 2
9 9 2 1
28 5 2 1
16 19 1 2
5 9 2 1
22 22 1 2
13 12 1 2
12 12 2 1
17 29 1 2
24 10 1 2
8 21 1 2
1 1 25 57
2 1 23 882
3 1 21 505
4 1 20 306
5 1 25 451
6 1 25 268
7 1 22 581
8 1 28 1336
9 1 28 771
10 1 30 734
11 1 27 964
12 1 28 541
13 1 24 1215
14 1 30 991
15 1 20 132
16 1 22 356
17 1 30 1460
18 1 28 175
19 1 28 926
20 1 22 398
21 2 25 750
22 2 27 195
23 2 25 1085
24 2 29 1426
25 2 27 87
26 2 26 331
27 2 30 114
28 2 23 1572
29 2 23 1033
30 2 28 29
31 2 22 1713
32 2 22 412
33 2 24 1688
34 2 22 251
35 2 26 286
36 2 24 470
37 2 20 1640
38 2 29 666
39 2 26 1306
40 2 29 976
