100
28 28 2 1
14 15 2 1
19 22 2 1
30 23 2 1
13 9 1 2
8 30 1 2
14 20 1 2
7 25 1 2
9 5 2 1
19 14 1 2
15 27 2 1
23 25 2 1
12 8 1 2
20 14 2 1
15 5 1 2
24 29 1 2
7 29 2 1
11 19 2 1
14 26 2 1
20 21 1 2
12 25 1 2
14 22 2 1
24 28 2 1
5 14 1 2
12 8 2 1
25 5 1 2
28 24 2 1
30 25 1 2
8 16 1 2
17 17 2 1
7 21 1 2
10 11 2 1
23 28 1 2
6 26 2 1
16 23 2 1
17 19 1 2
22 11 1 2
16 6 1 2
24 9 1 2
28 27 1 2
5 26 2 1
28 6 2 1
17 28 1 2
26 27 1 2
12 27 1 2
7 21 1 2
9 22 2 1
25 8 2 1
13 25 1 2
14 20 2 1
14 21 1 2
27 8 1 2
25 22 1 2
16 16 1 2
5 13 1 2
20 28 1 2
13 5 1 2
18 27 1 2
27 20 2 1
10 14 2 1
20 13 1 2
25 5 1 2
14 8 1 2
27 5 1 2
24 20 1 2
16 14 2 1
20 13 1 2
20 25 2 1
11 26 2 1
25 20 2 1
8 25 1 2
22 21 1 2
11 9 2 1
17 7 1 2
18 7 2 1
26 11 1 2
8 8 1 2
23 25 2 1
29 16 1 2
7 10 2 1
6 29 1 2
21 27 1 2
11 15 1 2
12 12 2 1
13 12 2 1
14 13 2 1
27 29 2 1
28 29 1 2
16 14 2 1
20 22 1 2
28 22 1 2
16 25 1 2
22 13 2 1
20 6 1 2
27 15 2 1
6 23 1 2
21 19 1 2
28 27 1 2
25 24 1 2
26 30 2 1
1 1 25 941
2 1 27 1526
3 1 22 357
4 1 24 641
5 1 30 234
6 1 27 1314
7 1 25 71
8 1 29 747
9 1 25 1713
10 1 23 392
11 1 20 1744
12 1 21 799
13 1 24 1022
14 1 30 1345
15 1 28 1768
16 1 30 1632
17 1 22 1279
18 1 22 137
19 1 21 1455
20 1 25 1687
21 2 21 630
22 2 22 1671
23 2 27 67
24 2 30 1465
25 2 21 682
26 2 21 1604
27 2 29 241
28 2 20 495
29 2 23 1310
30 2 28 559
31 2 30 789
32 2 20 828
33 2 29 163
34 2 22 1179
35 2 25 1223
36 2 22 393
37 2 26 1341
38 2 29 734
39 2 28 979
40 2 30 121
