60
20 2 1 2
1 14 2 1
19 11 1 2
7 11 2 1
14 8 2 1
4 15 1 2
19 19 2 1
6 8 2 1
13 19 2 1
7 3 1 2
1 16 2 1
14 11 1 2
16 16 1 2
13 18 2 1
19 9 1 2
18 15 2 1
10 5 2 1
12 8 1 2
11 20 1 2
1 16 1 2
6 17 1 2
7 20 1 2
17 17 2 1
16 16 1 2
15 17 1 2
5 7 1 2
12 7 2 1
13 9 2 1
11 11 2 1
11 10 1 2
15 1 1 2
15 8 1 2
15 9 2 1
20 5 1 2
9 6 2 1
20 6 1 2
5 20 1 2
12 5 2 1
3 20 2 1
20 3 2 1
12 5 2 1
12 11 1 2
4 2 2 1
19 11 2 1
3 20 2 1
1 9 1 2
2 8 2 1
12 17 1 2
9 8 2 1
15 9 2 1
11 6 1 2
11 4 1 2
20 2 1 2
19 8 1 2
7 20 1 2
4 12 1 2
14 14 2 1
19 9 2 1
13 8 1 2
14 9 1 2
1 1 23 45
2 1 27 311
3 1 26 510
4 1 30 611
5 1 28 82
6 1 20 286
7 1 30 188
8 1 27 649
9 1 23 472
10 1 20 136
11 1 27 438
12 1 24 407
13 2 25 585
14 2 28 353
15 2 27 173
16 2 24 238
17 2 24 298
18 2 30 495
19 2 21 403
20 2 27 18
21 2 22 146
22 2 22 610
23 2 28 67
24 2 24 525
