100
26 15 1 2
15 6 2 1
21 23 1 2
16 10 1 2
21 25 1 2
14 24 1 2
9 8 1 2
24 9 2 1
25 14 2 1
5 8 2 1
15 28 1 2
18 26 1 2
13 29 1 2
7 16 2 1
11 22 2 1
11 30 1 2
17 14 2 1
5 14 1 2
15 15 2 1
24 27 1 2
9 20 2 1
14 19 2 1
27 28 1 2
13 24 1 2
23 20 2 1
8 26 2 1
9 25 2 1
16 30 1 2
5 26 1 2
29 22 1 2
20 25 1 2
15 18 2 1
17 29 1 2
22 20 2 1
14 6 2 1
26 17 1 2
18 16 1 2
9 6 2 1
24 14 1 2
5 16 1 2
12 18 1 2
10 28 2 1
30 11 2 1
27 28 1 2
17 18 2 1
20 10 2 1
7 11 2 1
29 18 1 2
15 25 1 2
19 27 1 2
15 26 2 1
29 21 1 2
15 29 1 2
10 23 1 2
12 5 2 1
29 7 1 2
11 10 1 2
6 10 2 1
9 8 2 1
29 20 1 2
18 11 1 2
28 24 2 1
25 21 2 1
28 19 1 2
23 21 1 2
27 24 2 1
28 12 1 2
14 11 2 1
28 15 1 2
5 26 1 2
16 5 1 2
23 28 1 2
28 7 2 1
21 18 1 2
5 21 1 2
23 15 1 2
10 13 2 1
17 25 2 1
28 26 2 1
9 30 1 2
30 11 2 1
8 27 1 2
30 14 2 1
7 10 1 2
7 21 2 1
9 10 1 2
19 16 1 2
18 13 2 1
13 6 1 2
13 19 1 2
5 28 2 1
21 12 2 1
29 6 2 1
10 24 2 1
22 6 2 1
29 11 2 1
21 15 1 2
29 15 2 1
13 14 2 1
27 28 1 2
1 1 27 769
2 1 22 372
3 1 20 1550
4 1 24 27
5 1 30 243
6 1 24 647
7 1 24 1257
8 1 28 1298
9 1 27 84
10 1 24 1356
11 1 28 183
12 1 23 310
13 1 28 1072
14 1 25 874
15 1 29 1415
16 1 27 342
17 1 27 829
18 1 29 617
19 1 28 1471
20 1 24 467
21 2 20 1575
22 2 27 1784
23 2 29 642
24 2 22 1219
25 2 25 773
26 2 29 1640
27 2 24 1021
28 2 29 919
29 2 20 1527
30 2 25 706
31 2 21 131
32 2 26 1471
33 2 30 369
34 2 20 572
35 2 20 1432
36 2 21 513
37 2 25 1405
38 2 26 848
39 2 23 4
40 2 29 90
