100
21 23 2 1
30 28 1 2
13 10 1 2
17 25 2 1
11 30 2 1
19 27 2 1
11 9 2 1
16 5 2 1
11 27 2 1
25 12 2 1
19 20 2 1
18 11 2 1
19 29 1 2
14 19 1 2
15 8 2 1
11 19 1 2
20 30 1 2
8 7 2 1
6 23 2 1
14 12 1 2
9 8 2 1
6 25 1 2
24 6 1 2
25 28 2 1
5 17 1 2
12 12 1 2
5 6 1 2
27 24 2 1
16 6 1 2
7 6 2 1
19 9 1 2
22 25 2 1
25 19 2 1
11 11 1 2
10 16 1 2
16 13 1 2
14 13 2 1
18 17 1 2
6 7 1 2
18 22 2 1
8 10 2 1
12 11 1 2
22 26 2 1
29 6 2 1
28 6 1 2
20 20 2 1
25 19 2 1
10 10 2 1
18 14 2 1
30 25 2 1
17 27 2 1
11 13 1 2
17 30 1 2
23 20 1 2
30 23 2 1
30 23 2 1
7 16 1 2
24 9 1 2
27 26 1 2
9 26 2 1
30 25 1 2
23 17 2 1
30 30 2 1
18 21 2 1
14 26 2 1
11 23 2 1
29 22 1 2
28 9 2 1
8 24 2 1
7 15 2 1
30 11 2 1
14 6 2 1
10 18 2 1
20 21 2 1
18 30 2 1
21 19 1 2
11 22 1 2
20 28 2 1
11 6 2 1
16 29 1 2
22 13 2 1
12 15 2 1
14 21 2 1
30 19 1 2
24 23 2 1
23 29 1 2
26 16 2 1
24 13 2 1
7 29 2 1
6 16 1 2
20 19 1 2
14 26 2 1
13 6 1 2
11 14 1 2
30 25 1 2
22 11 2 1
20 30 2 1
18 22 1 2
19 6 1 2
27 20 1 2
1 1 23 476
2 1 28 1495
3 1 23 730
4 1 20 915
5 1 27 1418
6 1 22 388
7 1 30 970
8 1 24 238
9 1 20 1762
10 1 27 650
11 1 29 1627
12 1 24 1233
13 1 22 598
14 1 21 863
15 1 29 1595
16 1 25 106
17 1 23 688
18 1 29 1324
19 1 26 272
20 1 27 773
21 2 30 1608
22 2 23 591
23 2 25 319
24 2 20 49
25 2 29 1070
26 2 30 935
27 2 29 521
28 2 23 1207
29 2 28 274
30 2 20 685
31 2 22 711
32 2 21 1694
33 2 29 167
34 2 30 1516
35 2 23 883
36 2 28 801
37 2 21 841
38 2 29 652
39 2 28 1464
40 2 22 1270
