100
27 16 1 2
22 14 1 2
8 30 2 1
5 20 2 1
21 18 2 1
8 9 2 1
19 16 1 2
11 19 2 1
18 20 1 2
23 11 1 2
27 25 1 2
21 18 2 1
7 9 1 2
21 30 2 1
24 28 2 1
9 22 2 1
21 7 1 2
7 19 2 1
13 13 1 2
13 28 2 1
5 15 2 1
11 5 1 2
26 30 1 2
13 15 1 2
24 13 1 2
15 12 2 1
29 12 1 2
29 30 1 2
16 11 1 2
20 14 1 2
9 11 1 2
26 11 1 2
11 26 2 1
21 19 2 1
20 23 1 2
12 15 1 2
14 6 2 1
16 21 1 2
22 12 2 1
22 15 2 1
24 27 1 2
11 30 1 2
10 18 1 2
30 19 2 1
27 22 2 1
14 7 2 1
24 17 2 1
19 10 1 2
21 19 2 1
15 7 2 1
5 26 1 2
17 28 2 1
20 6 1 2
7 27 1 2
23 22 2 1
12 19 2 1
14 23 2 1
30 12 1 2
16 12 1 2
21 20 2 1
11 13 1 2
12 5 1 2
6 13 1 2
17 18 2 1
22 13 1 2
24 19 1 2
5 24 1 2
9 10 2 1
15 20 2 1
30 14 1 2
21 12 2 1
11 5 2 1
24 11 2 1
7 8 1 2
27 30 2 1
14 26 2 1
17 21 2 1
27 20 1 2
21 13 2 1
25 27 1 2
7 20 1 2
26 29 1 2
17 28 1 2
27 23 1 2
23 6 2 1
10 9 1 2
28 21 2 1
14 26 1 2
9 11 2 1
10 28 1 2
14 20 1 2
26 11 2 1
7 30 1 2
21 25 1 2
22 8 2 1
16 23 2 1
26 18 2 1
12 27 1 2
11 22 1 2
10 6 2 1
1 1 26 75
2 1 30 504
3 1 25 1136
4 1 24 387
5 1 21 1071
6 1 30 606
7 1 27 1575
8 1 23 1365
9 1 30 1017
10 1 27 727
11 1 23 467
12 1 29 642
13 1 22 1275
14 1 22 1327
15 1 28 1181
16 1 26 1470
17 1 20 904
18 1 25 1701
19 1 20 312
20 1 29 938
21 2 25 497
22 2 30 1721
23 2 28 962
24 2 28 805
25 2 27 1558
26 2 22 1474
27 2 25 276
28 2 27 767
29 2 23 1535
30 2 21 1281
31 2 23 1367
32 2 24 198
33 2 23 578
34 2 21 670
35 2 24 1196
36 2 21 247
37 2 21 1145
38 2 26 1604
39 2 29 448
40 2 25 42
