100
26 30 2 1
6 23 1 2
7 8 2 1
5 23 1 2
8 12 1 2
25 14 2 1
12 30 2 1
27 30 2 1
6 19 2 1
18 27 1 2
30 22 1 2
8 6 1 2
14 22 1 2
29 28 1 2
23 23 1 2
9 25 2 1
26 11 2 1
8 14 1 2
30 24 2 1
7 26 2 1
21 23 1 2
30 18 1 2
26 24 2 1
29 28 1 2
10 5 1 2
12 17 2 1
20 19 1 2
10 18 1 2
6 29 2 1
22 29 2 1
29 5 1 2
28 6 1 2
19 17 2 1
10 9 2 1
8 15 1 2
18 14 2 1
9 9 2 1
26 27 2 1
10 8 1 2
15 14 2 1
22 25 1 2
11 19 1 2
9 12 2 1
7 30 1 2
7 25 1 2
11 8 1 2
22 12 2 1
16 15 2 1
8 21 1 2
22 10 2 1
14 12 1 2
14 23 2 1
13 18 2 1
11 22 2 1
8 29 2 1
9 20 2 1
24 18 2 1
30 14 1 2
29 10 1 2
23 27 1 2
28 22 2 1
29 29 1 2
18 25 1 2
23 11 2 1
8 11 1 2
29 23 1 2
17 19 2 1
29 18 2 1
20 26 2 1
28 13 1 2
25 20 1 2
24 13 2 1
14 12 1 2
17 28 1 2
15 11 1 2
18 10 2 1
6 30 2 1
14 19 1 2
6 7 2 1
23 25 2 1
29 9 1 2
9 11 1 2
6 23 1 2
24 12 2 1
19 24 1 2
23 25 2 1
30 12 1 2
19 18 1 2
12 19 2 1
28 10 1 2
14 5 1 2
10 11 2 1
7 18 1 2
21 15 2 1
6 27 2 1
23 15 2 1
21 9 1 2
18 17 2 1
22 13 2 1
29 19 2 1
1 1 29 1349
2 1 22 1710
3 1 27 1596
4 1 29 1646
5 1 27 1402
6 1 25 251
7 1 29 790
8 1 24 365
9 1 26 586
10 1 27 1217
11 1 30 905
12 1 22 1120
13 1 28 1180
14 1 30 89
15 1 30 135
16 1 20 1488
17 1 26 869
18 1 24 1451
19 1 29 1270
20 1 24 703
21 2 24 843
22 2 24 140
23 2 26 1348
24 2 23 95
25 2 23 1520
26 2 23 753
27 2 28 1261
28 2 23 1162
29 2 23 663
30 2 28 1702
31 2 24 953
32 2 21 1639
33 2 22 257
34 2 30 1089
35 2 20 1385
36 2 30 1487
37 2 21 581
38 2 22 982
39 2 30 53
40 2 20 1596
