100
23 12 2 1
6 20 1 2
19 24 1 2
13 30 1 2
22 5 1 2
7 12 2 1
10 28 1 2
20 8 1 2
17 23 2 1
14 27 1 2
29 27 1 2
22 21 1 2
29 10 1 2
24 14 2 1
22 13 1 2
13 11 1 2
25 13 1 2
12 27 1 2
26 21 1 2
25 28 2 1
10 15 2 1
30 10 2 1
24 18 1 2
18 7 2 1
29 29 1 2
15 21 1 2
14 19 1 2
9 18 1 2
18 22 1 2
10 24 1 2
10 21 1 2
21 20 2 1
27 6 1 2
28 15 1 2
7 9 1 2
30 25 2 1
21 14 1 2
8 25 1 2
13 24 1 2
26 13 2 1
15 5 1 2
28 27 1 2
15 30 2 1
19 7 1 2
30 16 2 1
18 19 1 2
11 20 2 1
11 24 1 2
8 14 1 2
20 27 1 2
9 23 2 1
10 23 1 2
28 22 1 2
22 20 1 2
19 23 2 1
17 13 1 2
18 11 2 1
28 18 2 1
11 24 2 1
7 24 1 2
24 7 2 1
8 12 2 1
18 24 1 2
14 20 1 2
26 19 2 1
10 26 2 1
17 27 2 1
7 9 1 2
10 14 1 2
20 12 1 2
8 9 1 2
7 28 1 2
22 13 1 2
8 29 1 2
19 7 2 1
24 13 2 1
5 20 1 2
17 6 2 1
12 21 1 2
11 28 2 1
7 25 2 1
25 9 1 2
7 25 1 2
10 22 1 2
18 14 1 2
29 27 2 1
26 30 1 2
5 28 1 2
6 28 2 1
13 22 2 1
13 30 2 1
14 16 2 1
22 24 2 1
28 28 1 2
12 14 2 1
15 6 1 2
21 6 2 1
7 5 1 2
24 18 2 1
24 23 1 2
1 1 21 819
2 1 28 598
3 1 22 185
4 1 20 61
5 1 24 394
6 1 23 1348
7 1 27 1280
8 1 25 1255
9 1 20 1625
10 1 23 1562
11 1 27 128
12 1 23 882
13 1 20 1180
14 1 29 471
15 1 22 686
16 1 26 998
17 1 27 9
18 1 29 773
19 1 30 1048
20 1 23 1507
21 2 21 310
22 2 25 152
23 2 26 728
24 2 29 1221
25 2 27 1496
26 2 23 87
27 2 22 845
28 2 23 685
29 2 29 1756
30 2 23 1165
31 2 21 1696
32 2 22 1137
33 2 20 1528
34 2 29 1647
35 2 27 1579
36 2 29 112
37 2 26 1388
38 2 28 801
39 2 30 383
40 2 23 1614
