100
26 27 1 2
24 6 2 1
6 18 1 2
29 20 1 2
26 7 1 2
5 5 2 1
9 27 2 1
6 9 2 1
14 20 2 1
20 26 1 2
10 13 1 2
19 12 2 1
14 15 2 1
29 22 1 2
10 13 2 1
17 13 1 2
7 22 1 2
29 5 1 2
25 25 2 1
22 20 1 2
16 6 2 1
25 28 2 1
5 28 1 2
6 19 1 2
5 25 2 1
27 23 1 2
23 26 1 2
9 30 1 2
22 20 2 1
28 15 1 2
21 29 2 1
20 26 1 2
29 6 1 2
8 24 1 2
28 10 2 1
23 19 2 1
5 7 2 1
16 12 2 1
8 20 1 2
13 12 1 2
20 19 1 2
29 29 1 2
7 30 2 1
7 27 1 2
16 8 1 2
29 9 2 1
28 25 1 2
8 7 1 2
15 6 2 1
5 20 1 2
30 12 2 1
19 22 2 1
15 5 1 2
8 18 1 2
16 10 2 1
8 6 2 1
25 10 1 2
28 18 2 1
8 19 1 2
13 7 1 2
7 25 2 1
13 21 2 1
24 7 2 1
27 9 1 2
25 5 1 2
9 27 2 1
18 26 2 1
29 16 1 2
21 5 2 1
27 19 2 1
6 11 1 2
17 17 1 2
16 8 1 2
8 11 2 1
19 9 1 2
10 18 2 1
23 20 2 1
14 22 2 1
5 15 1 2
23 20 2 1
8 30 1 2
14 19 1 2
19 26 1 2
27 17 2 1
8 5 2 1
13 20 1 2
27 18 2 1
28 14 1 2
22 16 1 2
21 17 2 1
8 29 1 2
27 29 2 1
28 7 2 1
17 21 2 1
12 26 2 1
20 16 2 1
9 11 1 2
24 27 1 2
25 8 2 1
21 19 1 2
1 1 27 611
2 1 27 723
3 1 24 499
4 1 21 1446
5 1 20 1602
6 1 24 1394
7 1 26 418
8 1 20 1131
9 1 30 855
10 1 21 1079
11 1 25 822
12 1 20 458
13 1 30 345
14 1 23 1106
15 1 22 794
16 1 20 1183
17 1 24 232
18 1 24 142
19 1 28 1562
20 1 30 753
21 2 30 351
22 2 27 1165
23 2 20 1286
24 2 20 562
25 2 20 211
26 2 29 785
27 2 22 443
28 2 25 1077
29 2 21 1497
30 2 24 1460
31 2 30 1609
32 2 30 1012
33 2 28 1340
34 2 28 1429
35 2 23 1240
36 2 22 1
37 2 28 687
38 2 24 1391
39 2 25 321
40 2 22 265
