100
19 7 2 1
5 6 1 2
22 16 1 2
19 22 2 1
12 27 2 1
17 16 2 1
26 29 2 1
26 30 1 2
18 13 1 2
24 19 1 2
13 16 2 1
6 28 1 2
29 22 1 2
20 10 2 1
30 15 2 1
17 14 2 1
29 26 1 2
26 21 1 2
9 26 1 2
15 10 1 2
10 9 1 2
10 8 1 2
7 6 1 2
19 23 2 1
29 15 2 1
12 14 1 2
28 24 1 2
19 12 2 1
20 7 1 2
17 19 1 2
14 16 1 2
28 5 2 1
7 7 2 1
18 26 2 1
8 30 1 2
11 23 2 1
14 20 2 1
15 21 1 2
21 29 2 1
7 29 1 2
26 26 1 2
6 6 2 1
16 16 2 1
25 29 1 2
9 14 2 1
8 5 2 1
18 21 1 2
18 9 1 2
9 11 1 2
12 9 1 2
12 24 1 2
17 23 2 1
13 5 1 2
7 17 2 1
22 5 1 2
18 8 1 2
9 17 2 1
29 10 1 2
26 28 2 1
8 7 2 1
22 29 2 1
5 25 2 1
11 18 2 1
20 9 1 2
27 5 1 2
6 6 2 1
20 21 2 1
8 6 2 1
30 13 1 2
5 9 1 2
28 8 2 1
23 13 1 2
30 29 1 2
14 23 1 2
27 10 2 1
12 18 2 1
13 22 2 1
10 25 2 1
23 20 1 2
9 13 1 2
6 17 1 2
16 11 1 2
6 12 2 1
9 17 1 2
30 15 2 1
9 28 1 2
30 19 1 2
5 13 1 2
24 6 2 1
6 14 1 2
30 22 2 1
12 13 1 2
12 25 1 2
28 23 1 2
24 5 1 2
5 30 1 2
21 16 1 2
12 12 2 1
15 5 2 1
24 14 1 2
1 1 24 550
2 1 20 78
3 1 28 294
4 1 28 388
5 1 28 991
6 1 22 1244
7 1 23 1460
8 1 30 840
9 1 30 1532
10 1 25 1059
11 1 22 1310
12 1 28 115
13 1 29 778
14 1 21 1222
15 1 25 1177
16 1 27 1374
17 1 20 903
18 1 26 30
19 1 22 723
20 1 23 166
21 2 21 1095
22 2 29 5
23 2 24 302
24 2 27 745
25 2 29 1503
26 2 26 816
27 2 23 1217
28 2 27 863
29 2 29 507
30 2 24 575
31 2 24 786
32 2 27 1466
33 2 20 340
34 2 25 1548
35 2 21 1186
36 2 28 237
37 2 28 1259
38 2 21 93
39 2 29 207
40 2 24 652
