100
7 29 2 1
16 11 1 2
22 15 1 2
25 5 1 2
27 5 2 1
24 22 1 2
8 22 1 2
16 8 2 1
13 24 2 1
20 27 2 1
19 16 2 1
20 28 1 2
12 8 1 2
20 27 1 2
18 15 1 2
18 28 1 2
11 8 2 1
21 18 2 1
21 25 1 2
12 30 1 2
20 5 1 2
18 27 2 1
23 12 1 2
21 11 2 1
10 17 1 2
7 9 2 1
12 23 2 1
5 6 1 2
13 18 2 1
8 21 1 2
8 12 2 1
18 28 2 1
9 25 1 2
5 16 1 2
23 24 2 1
12 18 1 2
29 9 2 1
23 6 1 2
19 9 2 1
21 28 2 1
30 10 2 1
15 22 2 1
9 22 1 2
18 21 1 2
26 10 2 1
15 30 1 2
20 28 1 2
23 12 1 2
10 21 2 1
19 10 2 1
22 22 1 2
21 7 1 2
17 20 2 1
6 23 1 2
23 9 1 2
26 14 2 1
28 20 1 2
11 28 1 2
20 24 1 2
12 22 1 2
8 12 1 2
30 26 2 1
26 29 2 1
14 29 2 1
22 24 2 1
13 7 2 1
14 6 1 2
6 25 2 1
8 5 1 2
26 8 1 2
29 30 1 2
29 5 2 1
15 27 1 2
16 18 1 2
12 14 2 1
16 13 2 1
17 16 1 2
28 12 1 2
20 26 2 1
28 10 1 2
6 26 2 1
21 23 1 2
29 29 1 2
20 27 2 1
16 8 2 1
25 22 2 1
18 18 2 1
13 9 2 1
18 15 1 2
8 8 1 2
28 16 2 1
20 22 2 1
10 12 2 1
18 18 2 1
25 16 1 2
12 14 2 1
20 24 2 1
5 15 2 1
27 15 1 2
19 30 2 1
1 1 22 1271
2 1 28 1595
3 1 21 636
4 1 29 1731
5 1 28 509
6 1 26 241
7 1 28 1546
8 1 30 404
9 1 26 1501
10 1 22 1098
11 1 21 124
12 1 29 299
13 1 21 843
14 1 23 1189
15 1 22 803
16 1 28 1397
17 1 21 1297
18 1 24 32
19 1 28 1673
20 1 25 711
21 2 27 1150
22 2 23 697
23 2 25 148
24 2 20 748
25 2 28 108
26 2 28 308
27 2 24 1692
28 2 25 1615
29 2 25 1381
30 2 21 828
31 2 24 785
32 2 29 9
33 2 30 1721
34 2 30 173
35 2 29 1245
36 2 26 1338
37 2 25 1493
38 2 27 567
39 2 27 41
40 2 30 1188
