100
18 15 2 1
28 22 1 2
5 18 1 2
23 5 2 1
7 28 1 2
6 13 1 2
12 30 1 2
24 29 1 2
14 16 1 2
14 11 2 1
7 16 1 2
7 19 2 1
27 15 1 2
5 8 1 2
24 22 1 2
10 24 2 1
27 7 2 1
27 6 1 2
24 17 2 1
9 20 2 1
19 30 2 1
9 15 1 2
12 6 2 1
12 14 2 1
21 21 1 2
19 16 2 1
12 30 1 2
21 22 2 1
27 18 1 2
21 21 1 2
28 9 1 2
5 15 2 1
12 18 1 2
25 21 2 1
16 24 1 2
30 25 1 2
17 10 1 2
28 21 2 1
27 12 2 1
12 11 2 1
5 11 2 1
29 5 2 1
5 19 1 2
17 5 1 2
10 19 1 2
13 6 2 1
17 22 1 2
21 6 1 2
30 5 2 1
29 10 1 2
14 25 1 2
25 12 2 1
13 7 2 1
21 10 2 1
8 8 2 1
23 16 2 1
20 23 1 2
17 28 2 1
8 6 1 2
26 21 2 1
19 25 2 1
20 16 2 1
13 13 2 1
15 10 2 1
13 15 2 1
18 26 1 2
18 22 2 1
29 8 1 2
11 12 2 1
8 11 2 1
19 29 2 1
26 24 1 2
24 21 2 1
14 29 2 1
14 13 1 2
21 27 1 2
18 22 1 2
6 12 1 2
30 5 2 1
23 21 2 1
13 18 1 2
28 20 2 1
19 9 1 2
10 12 1 2
14 17 1 2
28 15 2 1
25 28 2 1
13 20 2 1
14 10 1 2
10 25 2 1
5 9 2 1
5 22 2 1
6 9 1 2
30 10 1 2
12 20 1 2
19 11 1 2
5 12 2 1
9 5 1 2
10 21 1 2
9 6 1 2
1 1 28 1350
2 1 24 123
3 1 30 434
4 1 20 209
5 1 24 727
6 1 26 794
7 1 20 846
8 1 24 538
9 1 27 1481
10 1 29 1312
11 1 24 680
12 1 26 343
13 1 29 229
14 1 24 90
15 1 28 259
16 1 24 877
17 1 22 1509
18 1 26 1060
19 1 23 1551
20 1 20 916
21 2 24 861
22 2 22 1459
23 2 22 781
24 2 27 930
25 2 21 1481
26 2 27 1405
27 2 21 1030
28 2 30 567
29 2 21 132
30 2 29 1333
31 2 23 1059
32 2 29 635
33 2 26 1592
34 2 30 445
35 2 29 48
36 2 29 272
37 2 29 184
38 2 29 682
39 2 27 1179
40 2 20 15
