100
26 17 2 1
26 17 1 2
9 18 2 1
29 7 2 1
26 14 2 1
27 12 2 1
7 18 1 2
14 20 2 1
25 10 2 1
24 16 1 2
19 14 1 2
17 25 1 2
7 12 1 2
21 25 1 2
19 29 1 2
11 21 1 2
22 30 1 2
29 17 2 1
18 15 2 1
7 7 2 1
13 14 1 2
20 11 1 2
17 21 1 2
18 13 2 1
25 22 1 2
17 22 1 2
11 21 1 2
12 11 2 1
26 27 2 1
13 12 1 2
29 26 2 1
23 7 2 1
21 20 2 1
12 27 2 1
26 22 2 1
21 11 2 1
17 20 2 1
19 12 2 1
29 10 2 1
18 21 1 2
5 12 2 1
12 25 1 2
26 14 2 1
6 30 1 2
24 14 2 1
7 22 1 2
9 24 1 2
5 5 2 1
22 6 1 2
29 13 1 2
12 15 2 1
5 19 1 2
27 15 1 2
15 8 2 1
12 22 1 2
17 9 1 2
7 9 2 1
26 30 2 1
9 20 1 2
8 30 1 2
10 21 2 1
18 14 1 2
22 26 1 2
22 29 2 1
16 29 2 1
21 22 1 2
15 28 2 1
12 8 1 2
10 30 2 1
21 24 2 1
18 18 1 2
19 27 1 2
24 17 1 2
18 19 1 2
10 20 1 2
9 28 1 2
26 9 2 1
6 12 2 1
16 25 1 2
14 25 1 2
19 18 1 2
21 15 1 2
26 29 1 2
17 19 2 1
6 30 2 1
20 20 2 1
19 24 2 1
16 17 2 1
22 6 2 1
12 8 1 2
7 11 1 2
29 10 1 2
10 30 1 2
10 11 1 2
20 23 1 2
16 8 1 2
7 27 2 1
9 8 1 2
21 14 1 2
6 9 1 2
1 1 29 784
2 1 30 103
3 1 28 869
4 1 27 1512
5 1 25 292
6 1 28 152
7 1 26 1294
8 1 21 483
9 1 22 635
10 1 20 955
11 1 29 411
12 1 27 1094
13 1 20 700
14 1 29 916
15 1 28 734
16 1 20 980
17 1 21 1225
18 1 29 575
19 1 26 1582
20 1 21 190
21 2 26 404
22 2 21 1484
23 2 22 770
24 2 24 1405
25 2 27 1151
26 2 21 4
27 2 26 440
28 2 24 340
29 2 29 645
30 2 28 472
31 2 28 1104
32 2 27 223
33 2 27 1816
34 2 28 1347
35 2 22 182
36 2 20 695
37 2 30 538
38 2 23 61
39 2 23 32
40 2 23 840
