100
24 15 2 1
13 30 1 2
21 29 1 2
28 14 1 2
9 8 2 1
14 24 2 1
19 13 2 1
27 28 2 1
27 15 1 2
23 26 1 2
7 26 1 2
5 27 2 1
5 16 2 1
23 25 1 2
30 17 2 1
29 8 2 1
12 15 1 2
13 13 2 1
12 14 1 2
27 28 1 2
18 24 2 1
12 22 1 2
20 12 2 1
30 27 1 2
23 29 1 2
6 12 1 2
22 22 2 1
19 20 2 1
27 17 1 2
14 10 1 2
22 13 2 1
22 30 2 1
30 17 1 2
15 15 1 2
17 23 1 2
22 19 1 2
7 11 1 2
28 8 2 1
21 21 1 2
10 28 1 2
20 25 1 2
19 27 1 2
10 21 1 2
8 20 2 1
27 25 1 2
21 27 2 1
19 15 2 1
20 7 2 1
22 14 2 1
6 29 1 2
15 30 2 1
26 28 1 2
22 22 1 2
8 25 1 2
29 15 2 1
21 28 2 1
15 11 2 1
19 20 2 1
24 14 2 1
24 6 1 2
24 18 2 1
29 15 1 2
21 30 2 1
23 20 2 1
18 26 2 1
30 9 2 1
25 26 2 1
18 9 2 1
12 26 2 1
20 14 2 1
17 11 1 2
19 12 1 2
18 14 2 1
17 7 2 1
12 30 2 1
26 22 1 2
9 12 1 2
25 25 1 2
5 29 1 2
8 26 1 2
8 19 2 1
26 9 2 1
17 27 1 2
29 10 2 1
29 9 1 2
20 9 1 2
14 21 2 1
18 23 2 1
5 19 1 2
12 25 2 1
18 11 2 1
10 20 1 2
18 16 2 1
20 21 1 2
19 29 2 1
8 7 1 2
7 19 1 2
6 23 2 1
5 30 1 2
20 14 2 1
1 1 21 459
2 1 23 250
3 1 26 776
4 1 20 397
5 1 30 60
6 1 22 672
7 1 28 1179
8 1 27 1208
9 1 26 359
10 1 20 716
11 1 20 1071
12 1 29 1347
13 1 22 482
14 1 28 1444
15 1 20 535
16 1 28 571
17 1 22 136
18 1 27 1554
19 1 21 1302
20 1 30 1144
21 2 25 533
22 2 23 762
23 2 24 1461
24 2 22 1688
25 2 26 638
26 2 26 187
27 2 22 223
28 2 22 1121
29 2 24 1065
30 2 26 1239
31 2 26 1541
32 2 27 91
33 2 25 391
34 2 20 1517
35 2 21 588
36 2 27 1013
37 2 22 1769
38 2 27 810
39 2 26 472
40 2 25 56
