100
29 21 2 1
19 17 2 1
15 16 1 2
5 16 2 1
23 22 2 1
23 6 2 1
17 24 2 1
10 18 2 1
26 27 1 2
12 27 2 1
18 27 1 2
18 13 1 2
22 28 2 1
28 30 2 1
29 6 2 1
26 16 1 2
19 30 1 2
27 13 1 2
20 15 2 1
23 8 2 1
25 11 1 2
19 15 2 1
28 11 1 2
5 30 2 1
16 10 1 2
21 6 1 2
11 16 2 1
24 10 2 1
6 17 1 2
28 29 2 1
9 10 1 2
13 8 1 2
18 18 2 1
16 11 2 1
5 8 1 2
25 12 1 2
12 25 1 2
25 20 2 1
25 9 1 2
5 22 2 1
24 18 2 1
9 30 1 2
23 29 1 2
5 12 2 1
12 29 2 1
9 5 2 1
10 11 2 1
25 22 2 1
22 11 2 1
17 21 1 2
25 24 1 2
21 10 2 1
24 26 1 2
22 23 2 1
26 16 1 2
23 19 1 2
8 19 2 1
20 11 1 2
25 22 1 2
22 14 2 1
27 15 2 1
18 18 1 2
25 29 2 1
9 9 1 2
10 30 2 1
17 13 2 1
16 6 2 1
8 11 1 2
29 9 1 2
21 22 2 1
18 19 1 2
22 11 1 2
24 19 2 1
12 21 1 2
8 25 2 1
6 13 1 2
17 25 2 1
23 23 2 1
8 16 2 1
22 6 1 2
11 5 1 2
25 8 1 2
12 27 1 2
13 28 1 2
23 15 1 2
14 21 2 1
13 29 2 1
28 21 2 1
14 25 1 2
21 9 2 1
22 9 1 2
28 27 2 1
23 19 2 1
27 8 1 2
11 14 2 1
15 9 1 2
16 12 1 2
12 16 1 2
22 12 1 2
17 15 2 1
1 1 22 545
2 1 27 1810
3 1 22 211
4 1 26 1631
5 1 21 1112
6 1 26 891
7 1 22 849
8 1 27 1478
9 1 26 636
10 1 24 1366
11 1 23 1723
12 1 24 1589
13 1 21 1548
14 1 23 503
15 1 27 672
16 1 25 161
17 1 20 1401
18 1 28 433
19 1 26 1148
20 1 29 746
21 2 21 1067
22 2 22 849
23 2 20 1189
24 2 27 405
25 2 23 1528
26 2 23 948
27 2 20 788
28 2 27 1134
29 2 25 248
30 2 28 173
31 2 26 332
32 2 23 1618
33 2 24 1385
34 2 28 880
35 2 26 1350
36 2 30 498
37 2 29 1499
38 2 28 1424
39 2 20 1555
40 2 22 586
