100
21 18 1 2
12 6 2 1
6 20 2 1
15 23 2 1
25 13 2 1
18 26 2 1
9 23 2 1
12 18 2 1
9 7 2 1
25 14 2 1
5 5 2 1
19 19 1 2
12 5 2 1
7 14 2 1
28 18 1 2
23 17 2 1
5 15 2 1
20 27 2 1
16 30 2 1
11 6 1 2
28 9 2 1
24 25 1 2
16 23 1 2
14 17 2 1
21 6 2 1
28 14 1 2
29 27 2 1
30 20 2 1
16 18 1 2
9 21 1 2
29 7 2 1
24 20 1 2
25 29 2 1
12 16 1 2
5 10 1 2
16 17 2 1
6 20 1 2
7 14 2 1
22 28 2 1
25 25 1 2
16 13 2 1
25 19 2 1
29 29 2 1
15 28 1 2
10 27 1 2
18 19 2 1
29 20 2 1
5 5 2 1
20 10 2 1
22 8 1 2
12 17 2 1
9 16 1 2
22 18 1 2
27 27 2 1
27 22 2 1
27 22 2 1
18 25 1 2
16 6 2 1
7 9 2 1
13 23 2 1
9 26 2 1
29 16 1 2
24 13 1 2
15 13 1 2
21 17 2 1
14 23 1 2
8 13 2 1
9 22 2 1
30 12 1 2
24 8 2 1
19 23 2 1
25 16 2 1
24 14 2 1
29 11 2 1
8 30 1 2
17 30 1 2
26 14 2 1
11 13 2 1
30 8 2 1
12 27 2 1
13 9 1 2
25 22 2 1
10 11 2 1
19 9 1 2
9 6 2 1
22 28 1 2
27 28 1 2
9 26 1 2
10 23 1 2
27 28 2 1
23 11 2 1
21 23 1 2
18 29 2 1
26 9 2 1
27 21 1 2
24 19 2 1
26 28 1 2
22 9 1 2
8 9 1 2
10 26 2 1
1 1 21 1472
2 1 27 1419
3 1 21 671
4 1 23 1056
5 1 28 1350
6 1 23 1119
7 1 30 1225
8 1 29 931
9 1 29 867
10 1 28 529
11 1 22 580
12 1 20 748
13 1 27 1578
14 1 20 1080
15 1 29 152
16 1 20 611
17 1 29 294
18 1 30 451
19 1 24 1620
20 1 25 219
21 2 29 215
22 2 22 774
23 2 21 1040
24 2 27 962
25 2 29 896
26 2 20 660
27 2 25 1287
28 2 25 1511
29 2 30 433
30 2 21 1423
31 2 21 1070
32 2 27 1159
33 2 27 404
34 2 29 1753
35 2 27 338
36 2 27 1612
37 2 27 1536
38 2 23 744
39 2 21 465
40 2 24 127
