100
8 7 2 1
27 15 1 2
25 10 2 1
25 28 2 1
9 5 1 2
18 17 2 1
8 22 1 2
12 12 2 1
21 13 1 2
8 23 2 1
7 26 2 1
14 8 2 1
7 22 1 2
10 22 1 2
23 11 1 2
12 27 2 1
22 11 1 2
23 24 1 2
17 10 2 1
30 30 2 1
14 24 2 1
21 20 2 1
24 17 2 1
17 7 1 2
27 14 2 1
18 5 1 2
12 14 2 1
11 5 1 2
7 24 1 2
5 25 2 1
17 5 1 2
9 14 2 1
7 8 2 1
17 25 1 2
15 24 2 1
15 10 1 2
26 15 2 1
23 16 2 1
12 26 2 1
22 10 1 2
17 13 1 2
12 15 1 2
8 12 1 2
23 5 1 2
13 24 2 1
28 20 1 2
9 12 1 2
19 30 2 1
7 9 2 1
11 27 2 1
27 13 1 2
11 27 2 1
30 6 1 2
17 13 2 1
13 16 1 2
20 24 1 2
24 11 2 1
30 13 2 1
29 26 2 1
16 10 1 2
25 26 2 1
8 17 1 2
13 10 1 2
24 21 1 2
29 19 1 2
11 19 1 2
24 30 1 2
30 29 2 1
18 27 2 1
23 25 1 2
10 11 2 1
12 9 2 1
10 16 2 1
21 13 1 2
19 8 2 1
17 19 2 1
6 9 2 1
13 22 1 2
21 5 2 1
6 28 2 1
28 16 1 2
20 24 1 2
22 17 2 1
28 23 1 2
19 21 2 1
15 19 2 1
24 22 2 1
29 16 2 1
20 10 2 1
30 22 2 1
12 24 2 1
25 26 2 1
9 15 1 2
16 24 2 1
12 11 1 2
23 6 2 1
13 26 2 1
30 19 2 1
28 19 2 1
28 12 1 2
1 1 30 1511
2 1 21 915
3 1 27 440
4 1 25 63
5 1 28 355
6 1 20 1326
7 1 29 733
8 1 25 1077
9 1 23 979
10 1 26 1003
11 1 22 127
12 1 29 621
13 1 25 683
14 1 21 816
15 1 29 1265
16 1 30 1646
17 1 26 1373
18 1 28 212
19 1 22 1713
20 1 29 1199
21 2 28 1485
22 2 20 482
23 2 24 1264
24 2 25 1537
25 2 21 585
26 2 28 1565
27 2 30 821
28 2 24 49
29 2 30 780
30 2 29 1380
31 2 26 972
32 2 24 336
33 2 23 174
34 2 29 1031
35 2 20 1299
36 2 27 1187
37 2 21 643
38 2 21 264
39 2 20 1080
40 2 30 1441
