100
26 13 2 1
30 11 1 2
27 28 2 1
16 19 1 2
26 6 1 2
29 9 1 2
18 29 1 2
19 16 1 2
12 20 1 2
30 28 2 1
17 19 1 2
29 5 2 1
17 12 2 1
13 14 1 2
21 21 1 2
18 13 2 1
21 7 1 2
18 24 2 1
21 21 2 1
24 16 2 1
11 27 1 2
14 23 2 1
21 14 1 2
15 30 1 2
8 14 2 1
25 9 2 1
9 19 1 2
25 6 2 1
13 20 2 1
15 24 2 1
25 15 2 1
10 13 2 1
13 14 2 1
22 17 1 2
30 26 1 2
19 23 1 2
10 6 1 2
14 17 2 1
14 27 1 2
28 21 2 1
13 12 1 2
23 13 1 2
30 10 2 1
6 5 1 2
25 5 1 2
5 20 2 1
20 19 1 2
12 28 1 2
14 12 1 2
25 26 1 2
11 19 2 1
20 9 2 1
26 17 1 2
13 28 2 1
9 24 2 1
24 8 2 1
23 21 1 2
25 30 2 1
7 19 1 2
18 30 2 1
13 29 1 2
19 5 2 1
18 8 1 2
11 18 2 1
18 8 2 1
8 10 1 2
11 6 2 1
22 6 1 2
9 7 1 2
5 12 2 1
14 7 1 2
20 17 1 2
8 27 2 1
14 8 2 1
30 18 2 1
10 10 1 2
9 12 2 1
9 29 1 2
30 22 1 2
22 29 2 1
15 28 2 1
26 14 2 1
16 6 2 1
27 24 2 1
14 28 2 1
20 14 1 2
20 11 2 1
6 13 2 1
19 5 1 2
27 20 1 2
5 28 1 2
10 5 1 2
24 17 1 2
7 22 1 2
23 14 1 2
5 29 2 1
11 16 1 2
27 14 2 1
15 27 1 2
10 15 2 1
1 1 23 160
2 1 26 923
3 1 27 1582
4 1 23 1110
5 1 22 278
6 1 30 31
7 1 25 728
8 1 21 343
9 1 25 1257
10 1 21 394
11 1 25 247
12 1 30 694
13 1 30 532
14 1 24 1382
15 1 23 847
16 1 29 1316
17 1 29 954
18 1 21 664
19 1 25 495
20 1 24 1491
21 2 21 616
22 2 30 304
23 2 29 1566
24 2 24 1381
25 2 25 1210
26 2 28 1135
27 2 22 484
28 2 27 1663
29 2 20 637
30 2 21 132
31 2 26 1275
32 2 23 787
33 2 26 860
34 2 25 349
35 2 22 1532
36 2 28 735
37 2 24 555
38 2 30 1172
39 2 26 1344
40 2 28 447
