100
19 22 2 1
21 10 1 2
17 16 2 1
27 29 2 1
18 24 1 2
20 13 1 2
26 7 1 2
30 27 1 2
16 21 1 2
17 17 2 1
18 11 2 1
10 24 1 2
27 20 1 2
19 19 1 2
23 18 1 2
26 26 1 2
8 14 1 2
27 21 2 1
11 25 1 2
29 28 2 1
8 30 2 1
13 16 1 2
28 20 1 2
11 19 2 1
26 6 1 2
19 7 2 1
20 10 1 2
18 12 2 1
29 11 2 1
22 17 1 2
12 5 1 2
27 11 1 2
26 10 2 1
9 20 2 1
23 16 2 1
23 10 2 1
8 16 1 2
9 12 1 2
23 23 2 1
16 18 1 2
23 13 2 1
6 9 1 2
10 23 1 2
7 28 1 2
5 6 1 2
15 25 2 1
30 23 2 1
5 10 2 1
24 11 2 1
20 24 1 2
20 6 1 2
10 25 2 1
16 29 1 2
23 13 2 1
7 6 1 2
29 6 1 2
29 10 2 1
24 23 1 2
7 23 2 1
8 22 1 2
16 6 2 1
25 10 2 1
20 29 2 1
20 27 2 1
29 26 1 2
30 22 1 2
16 6 2 1
26 18 1 2
13 7 2 1
11 16 1 2
8 26 2 1
18 14 1 2
23 9 2 1
9 29 2 1
17 10 2 1
27 8 2 1
21 11 1 2
21 19 2 1
29 20 2 1
26 6 1 2
27 10 1 2
29 6 2 1
17 14 2 1
9 24 1 2
7 6 1 2
5 19 1 2
11 25 1 2
9 10 1 2
28 14 1 2
29 10 2 1
15 10 2 1
26 7 1 2
12 23 2 1
25 12 2 1
5 9 2 1
9 22 2 1
26 12 2 1
26 29 1 2
6 26 2 1
9 29 2 1
1 1 20 634
2 1 25 325
3 1 22 504
4 1 20 1407
5 1 24 944
6 1 26 1567
7 1 21 1350
8 1 21 1192
9 1 22 714
10 1 25 1032
11 1 21 1601
12 1 28 1100
13 1 22 1163
14 1 25 1304
15 1 29 571
16 1 26 259
17 1 24 766
18 1 28 663
19 1 28 93
20 1 29 539
21 2 26 630
22 2 26 6
23 2 20 781
24 2 26 1123
25 2 30 483
26 2 30 102
27 2 29 862
28 2 24 534
29 2 29 1426
30 2 20 399
31 2 24 908
32 2 21 317
33 2 28 196
34 2 21 355
35 2 28 1583
36 2 26 1216
37 2 23 1478
38 2 22 1280
39 2 30 1017
40 2 24 659
