100
10 16 2 1
11 26 1 2
25 9 1 2
22 28 1 2
9 16 1 2
23 12 2 1
14 11 1 2
8 13 1 2
27 8 2 1
19 8 2 1
13 14 1 2
22 9 1 2
23 11 2 1
30 10 2 1
29 26 2 1
30 6 1 2
17 30 2 1
25 30 1 2
22 12 2 1
9 23 2 1
20 29 2 1
30 15 1 2
18 30 2 1
15 7 1 2
16 28 2 1
20 16 2 1
30 30 2 1
27 16 2 1
28 28 2 1
29 30 2 1
27 16 2 1
7 26 2 1
29 30 2 1
29 22 2 1
14 29 2 1
10 14 1 2
29 19 2 1
19 27 1 2
11 18 1 2
12 24 2 1
26 17 2 1
14 11 1 2
25 9 1 2
25 7 1 2
10 18 1 2
11 17 2 1
19 13 2 1
23 23 2 1
23 13 2 1
24 11 2 1
25 9 2 1
28 25 1 2
7 13 2 1
26 13 2 1
22 23 1 2
15 22 2 1
18 24 2 1
15 22 2 1
11 26 2 1
12 15 1 2
25 24 2 1
29 16 2 1
14 20 2 1
13 10 1 2
30 19 1 2
25 26 1 2
19 17 2 1
25 7 2 1
18 6 1 2
30 13 2 1
7 8 1 2
10 11 2 1
13 17 2 1
28 19 2 1
27 19 1 2
10 23 2 1
12 18 2 1
5 14 2 1
11 5 1 2
13 20 2 1
28 9 2 1
19 11 1 2
14 10 1 2
15 12 1 2
14 5 2 1
12 11 2 1
27 19 2 1
22 30 2 1
12 14 2 1
18 24 2 1
18 23 1 2
18 18 2 1
18 18 1 2
8 20 1 2
10 6 2 1
20 8 1 2
27 23 1 2
5 7 2 1
7 23 2 1
21 22 2 1
1 1 30 433
2 1 27 1308
3 1 27 655
4 1 24 190
5 1 20 787
6 1 26 43
7 1 30 1475
8 1 30 351
9 1 27 920
10 1 25 496
11 1 23 1740
12 1 29 750
13 1 24 969
14 1 29 1348
15 1 21 117
16 1 25 1429
17 1 25 1058
18 1 30 1097
19 1 23 469
20 1 25 79
21 2 28 289
22 2 25 1692
23 2 30 1365
24 2 26 1644
25 2 22 994
26 2 23 1271
27 2 27 408
28 2 29 1051
29 2 27 770
30 2 22 677
31 2 23 1605
32 2 24 346
33 2 24 527
34 2 26 1531
35 2 29 1492
36 2 25 52
37 2 26 174
38 2 25 319
39 2 26 252
40 2 20 378
