100
23 12 2 1
6 6 1 2
28 29 1 2
30 18 1 2
30 21 1 2
6 29 1 2
19 16 1 2
15 18 2 1
16 22 2 1
23 25 2 1
30 6 1 2
18 7 1 2
6 9 2 1
11 7 1 2
27 9 1 2
22 13 1 2
30 25 1 2
28 26 2 1
23 5 1 2
19 29 1 2
5 12 1 2
17 5 1 2
22 5 1 2
10 11 2 1
19 13 1 2
28 30 2 1
27 22 2 1
6 24 2 1
14 14 2 1
10 19 1 2
23 22 2 1
15 5 2 1
15 8 1 2
25 27 1 2
14 27 2 1
22 16 2 1
9 18 1 2
20 13 1 2
21 26 1 2
17 13 1 2
22 20 2 1
19 20 1 2
10 18 2 1
22 17 1 2
24 14 1 2
7 19 2 1
13 26 1 2
13 24 1 2
25 29 2 1
11 19 1 2
16 13 1 2
29 19 2 1
28 30 1 2
25 19 1 2
25 18 1 2
27 28 1 2
10 22 1 2
22 21 2 1
13 13 1 2
22 8 1 2
12 26 2 1
24 26 1 2
24 7 1 2
24 26 1 2
20 22 1 2
27 21 2 1
28 14 2 1
17 9 2 1
16 9 2 1
7 27 1 2
20 17 2 1
7 24 2 1
17 26 1 2
26 9 1 2
16 19 2 1
22 7 2 1
20 25 2 1
27 19 2 1
13 5 1 2
20 30 1 2
29 17 2 1
23 28 1 2
10 22 1 2
11 25 2 1
24 20 2 1
19 21 1 2
29 10 1 2
22 25 2 1
15 24 1 2
23 17 1 2
9 23 2 1
5 28 2 1
18 28 2 1
28 5 1 2
27 20 1 2
7 23 1 2
10 27 1 2
6 24 1 2
17 27 1 2
30 20 2 1
1 1 29 179
2 1 29 876
3 1 26 1196
4 1 24 60
5 1 25 511
6 1 29 1119
7 1 28 359
8 1 28 908
9 1 26 1837
10 1 29 1701
11 1 25 1890
12 1 25 1493
13 1 22 1665
14 1 29 16
15 1 25 818
16 1 24 86
17 1 29 566
18 1 20 660
19 1 29 299
20 1 20 1606
21 2 28 150
22 2 25 125
23 2 28 668
24 2 25 1634
25 2 23 234
26 2 20 1668
27 2 25 1760
28 2 23 1075
29 2 22 1105
30 2 30 989
31 2 29 264
32 2 21 328
33 2 28 414
34 2 20 1560
35 2 28 2
36 2 27 866
37 2 20 1368
38 2 29 696
39 2 30 731
40 2 28 1037
