100
7 18 1 2
21 5 1 2
5 10 2 1
18 28 1 2
29 18 2 1
22 15 1 2
23 30 1 2
19 28 2 1
13 16 2 1
15 20 1 2
11 20 1 2
5 19 2 1
12 18 1 2
17 23 2 1
21 27 1 2
9 27 2 1
11 25 2 1
7 14 2 1
25 13 1 2
16 24 1 2
6 8 1 2
19 6 1 2
6 9 2 1
7 30 2 1
24 8 1 2
26 9 1 2
9 8 2 1
5 25 2 1
11 14 2 1
8 15 1 2
15 29 1 2
17 8 1 2
5 7 2 1
11 17 1 2
7 13 2 1
11 23 2 1
25 16 1 2
24 16 2 1
7 16 1 2
26 18 1 2
21 29 1 2
20 22 1 2
20 5 1 2
27 26 1 2
29 12 1 2
9 29 2 1
17 28 1 2
5 20 2 1
28 30 2 1
10 13 2 1
17 29 1 2
16 16 1 2
25 23 1 2
30 29 2 1
15 23 1 2
7 17 2 1
5 12 1 2
18 10 2 1
11 5 2 1
30 11 1 2
15 17 1 2
25 19 2 1
19 26 2 1
29 23 1 2
7 13 1 2
18 16 2 1
16 12 1 2
24 8 1 2
11 18 2 1
5 14 2 1
17 26 1 2
13 16 2 1
12 12 2 1
17 11 2 1
28 19 2 1
30 15 2 1
30 12 2 1
14 25 1 2
27 14 1 2
25 26 2 1
25 8 2 1
24 14 1 2
15 17 2 1
25 14 1 2
26 27 1 2
27 20 1 2
29 20 1 2
10 18 1 2
15 29 2 1
22 21 1 2
8 25 2 1
22 14 2 1
22 10 1 2
7 25 1 2
22 24 2 1
30 20 2 1
25 24 1 2
24 24 2 1
10 12 1 2
27 16 1 2
1 1 24 794
2 1 25 899
3 1 21 1775
4 1 24 282
5 1 23 224
6 1 22 738
7 1 20 1436
8 1 25 613
9 1 26 1355
10 1 25 336
11 1 22 824
12 1 20 431
13 1 30 1018
14 1 26 479
15 1 22 1232
16 1 24 530
17 1 20 309
18 1 25 1164
19 1 26 764
20 1 29 1520
21 2 25 1516
22 2 27 806
23 2 23 652
24 2 23 1491
25 2 27 31
26 2 29 389
27 2 24 496
28 2 30 1459
29 2 22 246
30 2 24 1169
31 2 20 1269
32 2 28 299
33 2 20 917
34 2 26 1584
35 2 26 1125
36 2 25 1193
37 2 27 4
38 2 29 1094
39 2 24 452
40 2 30 1234
