100
17 29 2 1
22 10 2 1
17 26 2 1
8 18 2 1
16 22 1 2
22 26 2 1
18 11 2 1
29 6 1 2
8 11 2 1
27 28 1 2
26 9 2 1
28 19 1 2
24 23 1 2
16 28 2 1
30 25 1 2
8 23 1 2
22 8 2 1
9 22 2 1
11 5 1 2
25 16 2 1
30 9 2 1
21 28 2 1
18 6 1 2
5 11 1 2
6 17 2 1
10 6 2 1
15 5 2 1
20 12 2 1
30 15 1 2
28 7 2 1
8 16 2 1
6 17 2 1
23 16 1 2
29 11 2 1
5 28 2 1
19 18 1 2
11 25 1 2
8 12 2 1
25 26 1 2
21 14 2 1
21 23 2 1
26 24 2 1
11 15 1 2
17 12 1 2
7 7 2 1
20 20 1 2
11 9 2 1
19 11 2 1
10 27 2 1
30 12 2 1
16 15 1 2
27 10 2 1
14 29 2 1
18 9 2 1
10 28 1 2
11 29 1 2
27 12 2 1
28 8 2 1
24 30 1 2
22 14 1 2
15 6 1 2
20 12 1 2
29 10 2 1
12 30 1 2
23 15 1 2
30 15 2 1
13 11 2 1
21 17 2 1
21 17 1 2
16 8 2 1
25 12 1 2
22 12 2 1
13 16 1 2
18 23 2 1
14 30 1 2
11 11 1 2
19 17 2 1
6 5 1 2
21 13 2 1
5 24 1 2
22 16 1 2
9 7 1 2
23 25 1 2
24 11 2 1
7 29 2 1
6 20 1 2
5 19 1 2
8 22 1 2
18 13 2 1
8 21 2 1
27 16 2 1
27 13 1 2
27 21 2 1
11 8 1 2
16 13 1 2
22 6 2 1
17 22 2 1
21 9 1 2
8 11 1 2
18 24 1 2
1 1 30 240
2 1 22 189
3 1 20 1135
4 1 26 782
5 1 27 1436
6 1 21 53
7 1 30 1359
8 1 24 622
9 1 22 1576
10 1 30 1064
11 1 27 1315
12 1 20 1245
13 1 27 875
14 1 28 1194
15 1 22 534
16 1 27 114
17 1 29 144
18 1 25 1001
19 1 27 736
20 1 22 385
21 2 25 1611
22 2 28 415
23 2 27 1719
24 2 29 382
25 2 22 608
26 2 21 1239
27 2 22 1113
28 2 29 666
29 2 23 1155
30 2 29 1180
31 2 23 146
32 2 22 738
33 2 24 843
34 2 24 543
35 2 22 1341
36 2 30 225
37 2 27 709
38 2 20 260
39 2 22 1042
40 2 20 1656
