100
13 7 1 2
29 13 2 1
10 6 2 1
17 8 1 2
23 20 2 1
9 30 2 1
23 22 1 2
21 20 1 2
27 5 1 2
25 13 2 1
14 21 2 1
25 9 1 2
18 28 2 1
17 16 2 1
6 6 1 2
11 10 1 2
17 19 1 2
30 20 1 2
21 23 2 1
14 25 2 1
15 19 1 2
27 18 2 1
27 10 1 2
21 29 1 2
24 13 2 1
13 16 1 2
20 13 1 2
24 6 2 1
29 10 1 2
28 6 2 1
7 12 2 1
28 8 1 2
15 25 2 1
19 20 1 2
24 23 2 1
15 26 1 2
24 29 2 1
17 19 1 2
25 20 2 1
12 30 1 2
24 29 1 2
12 8 1 2
27 20 1 2
25 24 2 1
16 15 2 1
30 19 1 2
23 29 1 2
22 26 1 2
23 29 1 2
23 14 1 2
30 13 2 1
24 9 2 1
22 23 1 2
26 21 2 1
8 20 1 2
5 27 2 1
13 18 1 2
25 14 1 2
11 20 1 2
9 8 1 2
6 28 2 1
30 20 1 2
28 7 2 1
8 22 2 1
14 6 1 2
6 28 1 2
14 18 1 2
27 15 2 1
18 20 2 1
18 29 1 2
8 16 2 1
12 12 1 2
22 18 1 2
25 21 1 2
8 20 2 1
30 14 2 1
22 7 2 1
21 26 1 2
18 19 1 2
16 7 2 1
17 10 2 1
20 17 1 2
12 13 2 1
20 29 2 1
17 5 1 2
18 16 2 1
13 28 2 1
16 14 1 2
12 23 1 2
14 13 1 2
14 14 1 2
7 12 2 1
30 30 1 2
25 12 1 2
18 24 2 1
5 21 2 1
13 16 2 1
10 18 2 1
7 12 1 2
23 8 1 2
1 1 22 117
2 1 28 1666
3 1 23 1711
4 1 26 1150
5 1 24 1557
6 1 23 847
7 1 25 1783
8 1 20 1408
9 1 24 643
10 1 29 45
11 1 26 455
12 1 24 1016
13 1 26 496
14 1 20 589
15 1 20 973
16 1 23 891
17 1 27 916
18 1 26 1283
19 1 25 1052
20 1 28 166
21 2 29 1384
22 2 23 920
23 2 25 247
24 2 27 845
25 2 21 1102
26 2 29 1277
27 2 23 687
28 2 21 719
29 2 28 945
30 2 20 1309
31 2 21 1602
32 2 29 1720
33 2 29 1484
34 2 21 498
35 2 30 1038
36 2 25 543
37 2 29 333
38 2 25 79
39 2 28 411
40 2 27 446
