100
30 13 1 2
26 8 1 2
13 16 2 1
11 26 2 1
15 25 1 2
10 19 1 2
13 22 1 2
16 18 1 2
15 16 1 2
14 16 2 1
18 15 1 2
8 20 1 2
25 22 1 2
15 8 1 2
30 30 1 2
12 29 1 2
11 10 1 2
17 9 1 2
23 23 2 1
13 8 2 1
25 17 1 2
10 29 1 2
9 18 2 1
29 28 1 2
11 21 1 2
25 27 1 2
8 29 2 1
11 16 2 1
29 5 1 2
23 22 1 2
15 29 2 1
19 7 1 2
17 22 2 1
11 11 1 2
7 12 2 1
30 23 1 2
5 18 2 1
6 11 1 2
24 25 2 1
17 20 1 2
10 25 2 1
14 8 2 1
23 15 2 1
8 10 2 1
9 28 1 2
20 12 2 1
10 22 2 1
6 7 1 2
22 19 1 2
18 9 1 2
5 5 1 2
28 28 2 1
8 5 2 1
29 14 1 2
12 25 1 2
10 19 2 1
8 28 2 1
14 14 2 1
26 30 2 1
6 18 2 1
18 29 2 1
18 9 2 1
15 30 2 1
25 10 2 1
30 7 2 1
17 24 1 2
16 10 1 2
25 24 1 2
9 7 2 1
14 7 1 2
23 13 2 1
18 30 2 1
6 15 2 1
19 19 1 2
22 28 2 1
28 10 1 2
20 23 1 2
21 25 2 1
11 24 1 2
29 18 2 1
10 30 2 1
11 7 1 2
7 29 2 1
8 14 2 1
5 28 2 1
6 12 1 2
20 26 2 1
23 15 2 1
10 6 2 1
15 7 2 1
29 12 1 2
7 30 1 2
18 8 2 1
15 11 2 1
14 29 1 2
17 25 2 1
22 30 1 2
30 7 1 2
20 20 2 1
9 18 2 1
1 1 21 854
2 1 29 1353
3 1 26 1069
4 1 26 1756
5 1 24 1159
6 1 28 641
7 1 30 108
8 1 20 1716
9 1 26 1680
10 1 26 1241
11 1 24 613
12 1 29 1319
13 1 21 1213
14 1 30 824
15 1 26 52
16 1 25 1407
17 1 25 282
18 1 23 229
19 1 30 1102
20 1 21 941
21 2 26 558
22 2 21 135
23 2 25 95
24 2 20 1121
25 2 24 332
26 2 28 1415
27 2 21 1535
28 2 24 420
29 2 27 860
30 2 20 37
31 2 24 1363
32 2 21 1018
33 2 24 602
34 2 26 289
35 2 24 701
36 2 21 1514
37 2 25 1158
38 2 23 1469
39 2 23 887
40 2 24 174
