100
8 14 1 2
19 22 1 2
10 28 1 2
19 26 1 2
17 14 2 1
16 8 1 2
15 15 1 2
16 17 1 2
28 28 1 2
11 5 1 2
26 12 1 2
26 16 2 1
25 27 2 1
14 19 2 1
28 10 1 2
29 20 2 1
16 12 2 1
6 14 1 2
9 29 1 2
9 23 2 1
11 22 2 1
17 15 2 1
22 26 1 2
25 17 2 1
29 21 2 1
29 16 2 1
16 25 1 2
25 29 2 1
24 8 2 1
16 16 1 2
19 13 1 2
16 30 2 1
23 11 2 1
16 8 1 2
30 16 1 2
11 9 1 2
6 10 2 1
19 15 2 1
14 11 2 1
28 6 1 2
11 14 2 1
30 9 2 1
10 22 2 1
19 15 1 2
26 7 1 2
24 27 1 2
14 11 2 1
7 28 2 1
17 19 1 2
14 27 2 1
19 27 2 1
19 27 2 1
27 19 1 2
20 22 1 2
12 5 1 2
28 13 1 2
19 24 2 1
29 9 1 2
9 18 2 1
27 11 2 1
12 5 2 1
20 29 2 1
25 24 2 1
20 15 1 2
12 26 2 1
10 13 1 2
22 19 1 2
13 10 2 1
25 28 1 2
14 13 1 2
26 30 1 2
6 27 2 1
8 30 2 1
11 29 2 1
12 21 1 2
30 10 1 2
30 26 1 2
7 23 1 2
24 19 2 1
18 14 1 2
30 6 2 1
6 18 1 2
10 18 1 2
12 6 2 1
8 30 1 2
29 24 1 2
9 18 2 1
18 19 1 2
23 8 2 1
13 28 1 2
27 28 2 1
18 27 2 1
27 25 2 1
18 30 1 2
16 30 1 2
19 10 1 2
23 26 2 1
9 5 1 2
17 11 1 2
29 29 2 1
1 1 23 1173
2 1 21 1724
3 1 25 577
4 1 25 1043
5 1 30 286
6 1 28 925
7 1 27 1595
8 1 28 796
9 1 27 1631
10 1 30 362
11 1 26 1503
12 1 25 1394
13 1 21 1845
14 1 20 1560
15 1 30 498
16 1 30 1003
17 1 27 1365
18 1 28 1130
19 1 26 453
20 1 27 703
21 2 23 931
22 2 23 649
23 2 29 265
24 2 22 868
25 2 27 603
26 2 20 984
27 2 23 482
28 2 21 757
29 2 20 168
30 2 29 564
31 2 28 1278
32 2 29 30
33 2 27 1762
34 2 21 1647
35 2 28 718
36 2 30 89
37 2 29 683
38 2 28 1089
39 2 20 1369
40 2 27 1323
