100
11 12 2 1
6 5 2 1
23 19 2 1
15 13 2 1
23 12 2 1
10 5 2 1
27 13 2 1
14 27 1 2
19 20 1 2
18 15 1 2
22 16 2 1
11 7 1 2
18 8 2 1
15 13 2 1
27 25 2 1
12 25 2 1
25 25 1 2
22 14 1 2
22 16 1 2
23 26 1 2
22 24 2 1
22 29 2 1
11 12 2 1
7 13 2 1
15 14 2 1
26 29 2 1
11 9 2 1
24 21 1 2
21 23 2 1
19 29 1 2
9 15 1 2
19 15 1 2
22 22 2 1
17 30 1 2
6 20 1 2
28 17 2 1
25 17 1 2
29 10 1 2
16 17 1 2
10 21 2 1
18 11 2 1
18 23 1 2
12 18 1 2
7 17 1 2
23 26 2 1
16 14 2 1
8 30 2 1
8 12 2 1
22 15 2 1
13 7 2 1
24 19 2 1
8 30 1 2
25 8 2 1
20 11 1 2
24 21 1 2
28 5 2 1
14 29 1 2
24 15 1 2
13 23 2 1
7 19 1 2
18 24 2 1
18 29 1 2
10 18 1 2
23 13 1 2
23 23 2 1
15 13 1 2
7 26 1 2
15 24 1 2
5 6 1 2
22 11 1 2
8 15 1 2
6 28 2 1
22 11 1 2
22 24 2 1
17 28 1 2
26 15 2 1
16 8 2 1
30 21 1 2
27 18 2 1
6 21 2 1
30 11 2 1
14 5 1 2
20 10 1 2
27 28 1 2
7 6 1 2
30 11 1 2
23 15 1 2
9 10 2 1
9 19 1 2
29 14 1 2
23 29 2 1
29 29 2 1
11 18 1 2
15 23 2 1
17 21 1 2
18 22 1 2
22 14 2 1
8 27 2 1
15 24 1 2
24 28 1 2
1 1 21 192
2 1 22 1481
3 1 30 232
4 1 20 482
5 1 24 971
6 1 21 352
7 1 24 814
8 1 24 7
9 1 26 936
10 1 26 1191
11 1 27 437
12 1 29 48
13 1 20 266
14 1 24 1598
15 1 26 1033
16 1 27 1269
17 1 24 407
18 1 25 1231
19 1 26 317
20 1 28 1694
21 2 24 648
22 2 21 137
23 2 25 1214
24 2 28 1462
25 2 28 797
26 2 29 1637
27 2 23 470
28 2 30 1747
29 2 26 1007
30 2 22 1092
31 2 25 319
32 2 22 535
33 2 22 956
34 2 26 362
35 2 21 771
36 2 25 389
37 2 20 1047
38 2 28 217
39 2 22 1697
40 2 28 432
