100
6 11 1 2
15 6 2 1
12 8 2 1
13 5 1 2
18 21 1 2
29 15 1 2
17 5 2 1
27 14 2 1
7 21 1 2
16 14 1 2
20 28 2 1
27 7 2 1
6 19 1 2
10 28 1 2
15 29 2 1
17 27 1 2
18 9 2 1
11 21 2 1
9 6 2 1
28 11 2 1
19 13 1 2
11 14 2 1
26 20 1 2
14 19 2 1
21 26 1 2
16 26 1 2
25 28 2 1
7 21 1 2
28 29 2 1
10 5 2 1
27 17 2 1
20 21 1 2
25 28 1 2
9 28 2 1
15 17 2 1
18 9 1 2
13 19 2 1
27 26 1 2
6 12 1 2
21 21 2 1
17 29 1 2
27 12 2 1
6 25 1 2
20 16 1 2
30 27 2 1
29 28 1 2
24 15 2 1
28 24 1 2
17 5 2 1
6 6 1 2
6 16 1 2
11 26 2 1
5 25 2 1
6 5 2 1
28 6 2 1
29 29 1 2
22 9 2 1
23 24 1 2
6 7 2 1
22 21 1 2
8 12 2 1
10 15 1 2
5 12 2 1
19 20 1 2
21 10 1 2
27 18 2 1
21 10 1 2
13 5 1 2
9 8 1 2
17 19 1 2
24 14 1 2
9 25 2 1
12 6 2 1
17 18 1 2
21 5 2 1
24 23 2 1
7 22 2 1
14 20 1 2
21 30 1 2
15 11 1 2
6 28 1 2
22 21 1 2
28 18 2 1
22 12 1 2
8 29 1 2
29 23 2 1
6 12 1 2
30 20 1 2
10 12 1 2
11 15 2 1
17 24 1 2
15 30 1 2
16 14 1 2
29 28 1 2
20 5 2 1
16 17 1 2
11 8 1 2
20 6 1 2
28 8 2 1
27 9 2 1
1 1 29 1279
2 1 29 20
3 1 20 288
4 1 21 204
5 1 26 453
6 1 30 1146
7 1 26 367
8 1 29 1437
9 1 25 582
10 1 20 104
11 1 29 494
12 1 21 883
13 1 21 69
14 1 30 255
15 1 29 1114
16 1 22 657
17 1 22 1067
18 1 24 617
19 1 25 1027
20 1 21 393
21 2 29 393
22 2 22 1562
23 2 23 1356
24 2 25 580
25 2 25 737
26 2 29 1485
27 2 22 893
28 2 27 1639
29 2 27 1409
30 2 23 139
31 2 20 1311
32 2 30 275
33 2 25 350
34 2 28 963
35 2 27 1211
36 2 26 431
37 2 25 1042
38 2 26 496
39 2 28 36
40 2 28 848
