100
13 30 1 2
12 22 1 2
25 17 1 2
11 13 2 1
8 7 1 2
10 17 2 1
24 22 1 2
29 16 1 2
29 9 1 2
13 6 1 2
29 10 1 2
16 30 1 2
22 30 2 1
23 27 1 2
13 27 1 2
12 19 1 2
21 17 2 1
24 17 2 1
8 11 2 1
27 6 1 2
17 14 1 2
11 10 2 1
17 20 1 2
29 13 1 2
30 27 2 1
14 24 1 2
28 5 2 1
28 12 2 1
18 5 1 2
18 5 2 1
25 9 2 1
22 10 2 1
25 28 2 1
12 23 2 1
23 19 2 1
19 25 1 2
17 29 1 2
27 27 2 1
22 6 2 1
29 22 1 2
9 8 2 1
15 29 1 2
24 26 1 2
5 18 1 2
8 28 2 1
15 22 2 1
7 30 1 2
29 17 2 1
11 22 1 2
19 28 2 1
20 20 1 2
11 30 1 2
22 11 1 2
15 29 1 2
6 22 2 1
13 13 2 1
14 7 2 1
30 20 2 1
16 17 1 2
10 28 1 2
25 11 1 2
26 5 2 1
10 10 2 1
12 12 1 2
12 20 1 2
8 7 2 1
23 23 2 1
10 6 1 2
18 8 2 1
24 29 1 2
15 9 2 1
10 29 1 2
18 20 2 1
27 18 2 1
24 8 1 2
28 8 1 2
21 17 1 2
13 20 1 2
22 19 2 1
13 26 1 2
12 6 1 2
16 26 1 2
27 8 2 1
8 10 1 2
20 5 1 2
12 24 1 2
9 12 1 2
22 30 1 2
28 22 2 1
11 26 2 1
7 5 1 2
28 29 2 1
27 29 2 1
25 17 2 1
25 14 1 2
19 12 2 1
28 13 1 2
24 19 1 2
8 6 1 2
13 15 1 2
1 1 22 287
2 1 26 847
3 1 20 1018
4 1 30 255
5 1 27 1482
6 1 26 1084
7 1 27 933
8 1 24 1418
9 1 25 399
10 1 30 787
11 1 30 569
12 1 30 1514
13 1 30 1118
14 1 29 877
15 1 27 1550
16 1 21 495
17 1 28 1601
18 1 20 1168
19 1 22 1189
20 1 21 1639
21 2 25 585
22 2 25 1302
23 2 23 1354
24 2 20 17
25 2 27 1468
26 2 22 616
27 2 30 51
28 2 22 1217
29 2 29 702
30 2 20 1785
31 2 22 1657
32 2 30 412
33 2 28 1415
34 2 22 896
35 2 26 1617
36 2 28 1109
37 2 27 1563
38 2 28 665
39 2 20 754
40 2 21 451
