100
28 20 1 2
18 25 2 1
8 11 1 2
5 15 2 1
18 8 1 2
21 28 2 1
15 8 2 1
10 23 1 2
30 13 1 2
27 17 1 2
26 19 2 1
30 16 1 2
11 10 1 2
26 18 1 2
19 14 1 2
26 10 2 1
13 8 2 1
12 20 1 2
23 19 1 2
8 25 1 2
5 18 2 1
21 19 1 2
22 9 2 1
6 9 2 1
12 27 1 2
16 7 2 1
9 24 1 2
21 28 2 1
16 30 2 1
26 20 1 2
17 28 2 1
14 22 1 2
5 24 2 1
13 17 1 2
6 17 2 1
13 8 2 1
23 21 1 2
14 27 2 1
21 16 2 1
22 25 2 1
18 26 2 1
12 5 2 1
11 18 2 1
16 14 2 1
15 8 2 1
12 29 1 2
23 29 1 2
23 14 2 1
13 23 1 2
25 13 2 1
7 19 1 2
23 21 1 2
8 30 1 2
22 18 2 1
9 15 1 2
7 23 2 1
24 11 1 2
6 26 2 1
11 13 1 2
18 17 2 1
7 22 2 1
8 8 1 2
21 10 1 2
19 21 2 1
24 18 2 1
19 10 2 1
13 14 1 2
15 28 1 2
22 22 1 2
6 12 1 2
7 14 2 1
29 16 2 1
11 10 1 2
30 7 2 1
5 11 2 1
24 13 2 1
25 16 2 1
7 9 2 1
13 21 2 1
25 21 2 1
14 30 2 1
14 9 2 1
19 6 2 1
9 20 1 2
27 17 2 1
9 28 1 2
23 11 2 1
9 24 1 2
5 22 1 2
19 29 1 2
29 28 1 2
27 22 1 2
26 16 1 2
14 14 1 2
10 21 2 1
28 20 2 1
19 20 1 2
18 23 2 1
17 21 1 2
15 20 1 2
1 1 26 232
2 1 26 1182
3 1 21 1357
4 1 26 373
5 1 26 268
6 1 23 945
7 1 27 1466
8 1 27 515
9 1 26 810
10 1 23 1580
11 1 30 612
12 1 27 400
13 1 20 101
14 1 20 921
15 1 24 1219
16 1 27 28
17 1 23 1068
18 1 29 755
19 1 24 172
20 1 30 1315
21 2 26 929
22 2 20 799
23 2 23 382
24 2 29 1742
25 2 25 649
26 2 26 1196
27 2 29 1012
28 2 22 162
29 2 23 215
30 2 29 443
31 2 22 1498
32 2 28 1450
33 2 22 282
34 2 24 305
35 2 25 1715
36 2 26 24
37 2 20 535
38 2 21 728
39 2 22 1658
40 2 28 1589
