100
29 29 2 1
22 14 1 2
9 30 1 2
9 12 2 1
17 21 2 1
16 24 2 1
22 22 2 1
24 25 2 1
12 5 2 1
25 13 2 1
21 14 2 1
24 25 1 2
13 12 1 2
5 24 2 1
24 22 2 1
19 27 2 1
5 14 1 2
22 11 1 2
30 23 1 2
20 8 2 1
7 25 2 1
17 29 1 2
19 22 1 2
17 5 1 2
19 7 1 2
9 22 1 2
12 12 2 1
6 20 2 1
9 6 1 2
26 10 1 2
7 7 1 2
26 19 2 1
26 17 2 1
9 11 2 1
17 14 2 1
20 9 2 1
23 28 1 2
6 7 2 1
26 26 1 2
26 21 2 1
18 11 2 1
15 11 2 1
25 25 1 2
25 22 2 1
13 6 1 2
28 26 1 2
5 28 1 2
28 27 1 2
29 29 2 1
8 7 1 2
8 28 2 1
30 7 1 2
20 26 2 1
7 26 1 2
10 27 2 1
15 8 2 1
15 23 1 2
9 13 1 2
17 5 1 2
29 11 2 1
18 21 1 2
28 9 1 2
25 23 2 1
28 30 1 2
11 16 2 1
18 24 1 2
20 10 2 1
23 15 1 2
21 29 2 1
16 13 1 2
14 18 2 1
7 7 1 2
19 5 2 1
25 15 2 1
6 5 2 1
22 30 2 1
18 22 1 2
18 10 1 2
16 19 2 1
24 27 2 1
22 16 2 1
5 17 1 2
9 29 1 2
9 9 2 1
21 23 2 1
5 10 1 2
21 23 2 1
6 18 1 2
13 16 1 2
23 5 2 1
13 13 1 2
28 24 2 1
28 10 2 1
21 8 2 1
30 25 1 2
30 18 2 1
27 26 1 2
13 29 1 2
27 18 2 1
15 19 2 1
1 1 23 863
2 1 20 699
3 1 24 499
4 1 29 116
5 1 27 1262
6 1 24 636
7 1 28 811
8 1 30 379
9 1 26 1609
10 1 30 311
11 1 22 1350
12 1 30 413
13 1 23 1293
14 1 20 1385
15 1 23 908
16 1 28 1125
17 1 21 1667
18 1 26 462
19 1 26 1157
20 1 20 4
21 2 23 518
22 2 22 1030
23 2 21 379
24 2 20 16
25 2 24 1529
26 2 26 121
27 2 30 1619
28 2 25 164
29 2 21 1564
30 2 23 248
31 2 24 1133
32 2 28 867
33 2 23 1337
34 2 25 1424
35 2 30 48
36 2 29 781
37 2 23 743
38 2 26 699
39 2 26 956
40 2 22 1478
