100
22 28 1 2
21 16 2 1
19 13 2 1
23 12 1 2
13 20 1 2
26 21 2 1
22 27 1 2
29 12 2 1
29 29 1 2
17 11 2 1
20 6 1 2
27 18 1 2
14 28 2 1
10 23 1 2
11 10 2 1
22 20 2 1
10 15 2 1
6 20 2 1
22 8 2 1
25 30 1 2
19 10 1 2
11 5 1 2
7 8 2 1
23 30 1 2
6 18 1 2
19 18 2 1
7 11 2 1
15 25 1 2
10 13 2 1
6 16 2 1
24 24 2 1
18 24 1 2
26 18 2 1
5 18 2 1
14 22 1 2
19 28 1 2
9 5 2 1
11 24 2 1
21 9 1 2
22 16 2 1
26 21 1 2
12 21 2 1
24 22 1 2
23 21 2 1
23 23 2 1
14 14 2 1
13 11 2 1
27 28 2 1
6 5 1 2
6 13 2 1
11 19 1 2
9 18 1 2
12 13 1 2
7 20 1 2
18 6 1 2
27 7 1 2
6 9 1 2
6 25 1 2
10 11 1 2
25 26 2 1
17 30 1 2
8 21 2 1
5 5 1 2
22 30 1 2
8 6 2 1
28 22 2 1
8 11 2 1
8 17 1 2
20 20 2 1
12 9 2 1
7 16 2 1
14 28 2 1
13 8 2 1
27 8 1 2
17 9 2 1
15 25 2 1
23 6 1 2
17 10 1 2
9 7 1 2
8 13 1 2
12 5 1 2
27 10 1 2
20 14 1 2
24 30 1 2
17 14 1 2
18 25 1 2
18 26 1 2
17 13 1 2
6 20 1 2
13 20 1 2
29 29 1 2
30 14 2 1
6 26 1 2
29 19 2 1
24 7 1 2
7 7 1 2
8 14 2 1
10 15 1 2
14 20 1 2
19 18 2 1
1 1 30 786
2 1 22 1237
3 1 21 1140
4 1 24 1206
5 1 27 844
6 1 21 714
7 1 26 581
8 1 25 357
9 1 24 248
10 1 22 735
11 1 27 302
12 1 22 143
13 1 30 978
14 1 21 940
15 1 30 188
16 1 29 1070
17 1 28 1285
18 1 27 658
19 1 20 1425
20 1 20 92
21 2 29 1312
22 2 26 431
23 2 27 1596
24 2 20 46
25 2 24 609
26 2 28 874
27 2 30 775
28 2 28 985
29 2 24 124
30 2 29 1226
31 2 26 1199
32 2 24 74
33 2 28 310
34 2 26 363
35 2 21 559
36 2 28 1060
37 2 20 1132
38 2 30 814
39 2 20 525
40 2 27 161
