100
25 19 2 1
15 23 1 2
21 5 1 2
29 28 2 1
10 21 2 1
10 5 1 2
28 19 1 2
5 7 1 2
6 6 2 1
24 5 1 2
5 7 1 2
7 15 2 1
19 14 2 1
27 14 2 1
17 20 1 2
28 15 1 2
16 28 1 2
8 8 2 1
15 14 1 2
26 14 2 1
20 6 2 1
13 30 2 1
6 9 1 2
7 28 1 2
12 29 1 2
23 29 2 1
28 10 2 1
7 14 2 1
6 16 2 1
8 29 1 2
25 14 2 1
11 20 1 2
14 17 2 1
13 17 1 2
10 8 2 1
8 10 1 2
13 29 1 2
15 30 2 1
10 25 1 2
29 15 2 1
20 22 1 2
7 7 2 1
11 17 1 2
7 8 2 1
5 19 1 2
10 17 1 2
25 19 2 1
13 8 2 1
23 30 1 2
30 5 1 2
14 25 1 2
7 8 1 2
28 22 1 2
6 25 1 2
21 20 2 1
18 14 1 2
30 6 1 2
22 20 2 1
26 20 1 2
23 10 1 2
9 10 1 2
14 14 2 1
19 22 2 1
20 6 2 1
28 5 1 2
19 26 1 2
14 20 2 1
29 17 1 2
29 20 2 1
8 28 2 1
8 24 2 1
9 15 1 2
8 29 1 2
23 13 2 1
16 9 1 2
8 27 1 2
20 26 1 2
17 15 1 2
19 18 2 1
8 11 1 2
5 7 1 2
22 20 1 2
9 20 2 1
6 20 2 1
7 21 1 2
20 26 2 1
9 19 1 2
8 20 2 1
8 13 1 2
20 20 1 2
6 26 1 2
7 19 1 2
21 26 1 2
10 12 1 2
9 29 2 1
18 6 1 2
23 30 1 2
22 24 2 1
24 18 1 2
24 10 1 2
1 1 26 122
2 1 22 717
3 1 30 654
4 1 22 990
5 1 27 1511
6 1 23 77
7 1 26 801
8 1 28 882
9 1 26 498
10 1 24 1193
11 2 30 276
12 2 30 1005
13 2 30 1497
14 2 28 809
15 2 27 873
16 2 21 35
17 2 26 654
18 2 24 201
19 2 21 1453
20 2 25 1313
