100
25 16 2 1
11 12 2 1
27 8 1 2
21 15 2 1
30 11 2 1
29 29 1 2
6 25 2 1
22 23 1 2
6 11 1 2
12 20 2 1
25 21 1 2
5 27 1 2
25 27 2 1
21 14 2 1
27 20 1 2
12 6 1 2
6 27 2 1
23 27 2 1
21 27 2 1
30 16 1 2
15 20 2 1
29 21 1 2
17 8 1 2
28 26 2 1
13 8 2 1
8 6 1 2
8 29 1 2
12 21 2 1
8 10 1 2
9 26 1 2
23 19 1 2
29 21 2 1
18 27 1 2
6 11 1 2
16 14 2 1
19 12 2 1
28 28 2 1
29 13 1 2
9 21 2 1
22 13 2 1
25 28 2 1
14 16 2 1
26 29 1 2
27 28 1 2
26 20 1 2
12 7 1 2
28 13 2 1
8 17 1 2
11 12 1 2
23 13 2 1
28 13 1 2
19 5 1 2
17 7 1 2
9 5 2 1
29 24 2 1
10 19 2 1
21 14 2 1
7 13 1 2
18 6 2 1
8 8 2 1
6 8 1 2
15 9 1 2
21 21 2 1
26 11 2 1
23 30 1 2
6 19 1 2
19 5 2 1
30 8 1 2
16 26 2 1
21 20 2 1
21 23 1 2
7 18 1 2
30 15 2 1
20 27 2 1
30 21 2 1
19 14 1 2
11 17 2 1
22 16 1 2
18 30 2 1
17 26 1 2
24 27 1 2
9 6 2 1
16 23 2 1
13 27 2 1
21 20 1 2
27 25 2 1
22 30 2 1
8 14 1 2
30 5 1 2
22 12 2 1
12 19 2 1
5 28 2 1
22 12 2 1
14 12 2 1
26 20 1 2
17 12 1 2
25 15 1 2
28 9 2 1
6 8 1 2
13 15 1 2
1 1 20 121
2 1 22 912
3 1 21 1503
4 1 30 630
5 1 26 220
6 1 22 142
7 1 24 498
8 1 21 1435
9 1 27 1064
10 1 23 446
11 1 26 259
12 1 21 1610
13 1 26 1692
14 1 24 968
15 1 30 552
16 2 22 1485
17 2 25 1681
18 2 28 1616
19 2 27 646
20 2 21 452
21 2 21 1374
22 2 23 903
23 2 24 1031
24 2 27 167
25 2 21 1406
26 2 21 377
27 2 22 1117
28 2 22 824
29 2 24 1546
30 2 27 862
