100
11 7 1 2
6 19 1 2
15 6 1 2
25 12 2 1
9 18 2 1
25 24 2 1
22 17 2 1
29 30 1 2
22 6 2 1
12 8 1 2
6 12 1 2
21 30 1 2
30 5 2 1
27 13 1 2
8 15 1 2
11 28 1 2
11 25 2 1
9 17 2 1
29 20 2 1
17 13 1 2
5 27 2 1
24 6 2 1
5 6 2 1
16 5 1 2
20 26 1 2
24 24 1 2
16 7 1 2
10 6 2 1
21 20 2 1
15 9 2 1
23 20 2 1
16 9 2 1
5 30 2 1
13 13 1 2
10 18 2 1
11 5 2 1
9 7 1 2
29 26 2 1
29 7 2 1
28 13 2 1
13 23 1 2
8 14 2 1
28 20 2 1
16 25 2 1
24 9 1 2
6 9 2 1
24 7 1 2
7 29 2 1
24 14 2 1
11 10 2 1
28 17 2 1
28 5 1 2
27 13 2 1
15 8 2 1
18 11 1 2
27 16 1 2
14 12 1 2
8 16 2 1
26 27 1 2
5 14 2 1
28 8 2 1
8 28 2 1
7 12 2 1
21 27 1 2
9 24 2 1
14 13 2 1
28 23 2 1
9 18 1 2
15 18 1 2
15 13 2 1
5 7 2 1
19 15 2 1
22 5 2 1
29 18 2 1
5 16 1 2
9 11 1 2
27 21 1 2
28 24 1 2
20 14 1 2
14 9 1 2
13 13 2 1
25 5 2 1
25 14 2 1
27 22 1 2
9 15 1 2
26 6 1 2
20 16 1 2
12 15 1 2
10 29 2 1
15 7 2 1
26 7 1 2
17 23 2 1
28 14 1 2
16 28 1 2
13 28 1 2
15 11 1 2
12 12 1 2
11 30 1 2
28 15 1 2
5 12 1 2
1 1 25 144
2 1 21 882
3 1 28 1168
4 1 30 1392
5 1 27 641
6 1 21 852
7 1 22 1367
8 1 30 1094
9 1 27 1506
10 1 23 562
11 1 21 1219
12 1 26 794
13 1 21 465
14 1 30 1584
15 1 29 823
16 1 30 366
17 1 23 759
18 1 27 1041
19 1 23 958
20 1 24 8
21 1 21 689
22 1 28 223
23 1 24 296
24 1 25 908
25 1 20 1287
26 2 24 742
27 2 26 1057
28 2 30 896
29 2 24 1564
30 2 22 1177
31 2 25 518
32 2 28 700
33 2 24 66
34 2 27 430
35 2 24 603
36 2 24 1089
37 2 29 98
38 2 29 953
39 2 24 1123
40 2 26 286
41 2 28 1619
42 2 22 146
43 2 28 628
44 2 20 316
45 2 27 338
46 2 21 1479
47 2 30 371
48 2 24 1269
49 2 23 1241
50 2 23 177
