100
20 9 1 2
8 21 1 2
27 15 1 2
12 30 1 2
6 7 1 2
24 13 2 1
28 18 1 2
19 16 2 1
6 18 2 1
24 25 1 2
17 19 1 2
13 24 2 1
24 29 2 1
15 10 2 1
7 30 2 1
25 24 1 2
19 5 2 1
12 18 2 1
8 10 2 1
11 7 1 2
13 27 1 2
13 20 1 2
18 21 2 1
25 11 2 1
15 11 1 2
13 6 2 1
27 26 2 1
23 30 2 1
18 24 2 1
17 7 1 2
25 7 2 1
19 14 1 2
29 20 2 1
22 10 1 2
11 26 2 1
21 22 2 1
19 13 1 2
16 6 2 1
21 27 1 2
30 29 2 1
13 30 2 1
21 24 2 1
19 20 2 1
24 29 2 1
19 6 2 1
16 21 2 1
25 20 1 2
5 9 1 2
25 5 2 1
23 6 2 1
14 24 2 1
22 11 1 2
16 5 2 1
12 27 1 2
15 24 1 2
19 24 1 2
6 22 1 2
14 5 2 1
11 8 1 2
29 20 1 2
8 18 1 2
9 8 1 2
18 11 1 2
13 6 2 1
30 8 2 1
11 15 2 1
11 14 1 2
26 14 2 1
15 22 1 2
25 10 2 1
22 6 1 2
21 23 2 1
25 18 2 1
12 30 2 1
6 10 2 1
18 11 1 2
30 29 2 1
17 30 1 2
24 10 2 1
23 24 1 2
16 7 2 1
26 28 2 1
7 28 1 2
16 18 2 1
7 17 2 1
12 18 2 1
14 28 1 2
13 22 2 1
29 20 1 2
17 7 2 1
20 30 1 2
25 6 1 2
10 30 1 2
11 6 1 2
23 6 1 2
15 25 1 2
17 27 1 2
27 26 2 1
24 15 2 1
9 16 2 1
1 1 20 1158
2 1 23 456
3 1 30 1603
4 1 24 579
5 1 25 1229
6 1 25 355
7 1 25 1365
8 1 20 522
9 1 25 53
10 1 20 1322
11 1 26 1016
12 1 28 398
13 1 20 1487
14 1 30 1275
15 1 21 650
16 1 30 21
17 1 27 908
18 1 26 134
19 1 26 768
20 1 27 226
21 2 23 719
22 2 22 276
23 2 25 958
24 2 21 988
25 2 30 1144
26 2 27 55
27 2 24 1253
28 2 22 1698
29 2 23 367
30 2 25 1365
31 2 28 1749
32 2 23 758
33 2 20 1394
34 2 30 846
35 2 27 1022
36 2 21 548
37 2 24 686
38 2 24 1051
39 2 25 1429
40 2 29 1213
