100
18 29 2 1
15 17 1 2
12 21 2 1
20 15 1 2
17 23 1 2
26 5 1 2
24 21 1 2
18 20 1 2
27 21 1 2
25 9 1 2
11 25 2 1
7 20 2 1
25 21 1 2
8 19 1 2
15 18 2 1
9 29 2 1
27 21 2 1
30 6 2 1
28 8 2 1
8 23 2 1
18 8 2 1
30 14 1 2
7 29 1 2
5 22 1 2
8 10 2 1
18 6 2 1
10 14 1 2
21 9 1 2
6 23 2 1
30 8 2 1
17 25 2 1
15 18 1 2
24 8 2 1
18 10 2 1
29 12 1 2
30 30 1 2
16 22 2 1
23 12 2 1
25 26 1 2
16 11 2 1
9 20 2 1
5 6 2 1
29 12 2 1
10 9 2 1
23 6 2 1
30 26 1 2
21 14 2 1
9 18 1 2
27 5 1 2
14 10 1 2
30 10 1 2
11 29 1 2
9 14 2 1
29 9 1 2
28 11 2 1
11 13 1 2
28 13 2 1
29 8 2 1
24 9 2 1
7 11 2 1
5 20 2 1
17 18 2 1
6 5 1 2
27 24 2 1
20 9 1 2
6 27 2 1
15 8 2 1
17 28 1 2
11 10 1 2
14 18 1 2
11 6 1 2
7 19 1 2
17 15 1 2
8 13 1 2
17 14 1 2
19 16 2 1
5 5 1 2
22 29 1 2
27 12 2 1
9 18 2 1
24 6 2 1
11 13 1 2
9 21 1 2
27 13 1 2
17 5 1 2
25 8 1 2
23 19 1 2
22 15 1 2
14 19 1 2
15 30 1 2
19 12 1 2
27 22 2 1
21 27 2 1
24 24 2 1
17 17 1 2
23 17 1 2
16 19 1 2
30 19 2 1
20 28 1 2
20 11 2 1
1 1 27 1010
2 1 29 1092
3 1 27 103
4 1 27 937
5 1 23 1239
6 1 28 1354
7 1 23 544
8 1 22 1420
9 1 21 1472
10 1 30 737
11 1 20 1572
12 1 23 439
13 1 23 894
14 1 25 9
15 1 20 187
16 1 23 714
17 1 24 1325
18 1 23 610
19 1 23 781
20 1 26 40
21 1 29 252
22 1 24 1648
23 1 24 662
24 1 27 1054
25 1 27 1442
26 1 27 1525
27 1 23 1302
28 1 25 1269
29 1 22 1608
30 1 28 463
31 2 25 170
32 2 20 981
33 2 20 685
34 2 25 1415
35 2 29 944
36 2 30 75
37 2 30 718
38 2 21 1099
39 2 27 20
40 2 24 1600
41 2 21 301
42 2 22 1553
43 2 25 1305
44 2 29 395
45 2 20 217
46 2 30 1178
47 2 24 551
48 2 27 48
49 2 27 479
50 2 23 1149
51 2 20 512
52 2 24 438
53 2 20 810
54 2 29 850
55 2 26 603
56 2 23 1495
57 2 20 581
58 2 21 1364
59 2 30 1210
60 2 23 334
