100
26 21 1 2
22 12 1 2
29 25 2 1
25 25 1 2
27 22 1 2
12 27 1 2
5 15 2 1
28 26 1 2
16 21 1 2
9 27 2 1
28 18 1 2
21 10 1 2
24 20 2 1
17 10 2 1
24 5 2 1
29 15 1 2
5 28 2 1
28 29 2 1
13 21 2 1
22 13 1 2
11 6 2 1
15 21 2 1
25 5 1 2
26 12 2 1
28 5 1 2
25 30 1 2
11 17 1 2
7 6 1 2
16 19 2 1
18 16 2 1
12 16 1 2
10 24 2 1
24 29 2 1
14 29 2 1
21 11 1 2
15 23 2 1
26 27 1 2
5 20 2 1
8 27 2 1
10 27 2 1
27 23 2 1
17 29 1 2
6 24 2 1
24 22 2 1
11 6 2 1
19 6 1 2
7 27 2 1
29 25 1 2
29 25 1 2
7 14 2 1
19 29 1 2
7 16 2 1
17 22 2 1
10 22 1 2
6 8 2 1
26 19 2 1
19 12 1 2
25 11 1 2
7 6 2 1
17 19 1 2
19 28 1 2
6 30 1 2
30 30 2 1
9 16 2 1
19 30 2 1
20 17 1 2
5 18 2 1
26 6 1 2
11 7 1 2
11 10 2 1
29 14 2 1
19 16 2 1
19 16 1 2
12 28 1 2
30 11 1 2
27 17 1 2
17 18 2 1
26 12 2 1
15 9 2 1
12 11 2 1
13 5 1 2
29 24 2 1
16 23 2 1
6 7 1 2
29 21 2 1
30 22 2 1
14 30 1 2
9 23 2 1
7 28 2 1
6 9 1 2
25 22 2 1
12 6 1 2
15 9 2 1
30 15 1 2
5 6 2 1
25 26 2 1
26 29 1 2
15 22 2 1
27 15 1 2
26 6 1 2
1 1 24 1815
2 1 22 1709
3 1 23 1432
4 1 21 1151
5 1 25 1889
6 1 20 93
7 1 27 1614
8 1 25 985
9 1 21 720
10 1 28 219
11 1 22 421
12 1 29 760
13 1 29 1500
14 1 25 1107
15 1 23 847
16 1 22 1578
17 1 27 818
18 1 29 645
19 1 23 691
20 1 28 1772
21 1 22 43
22 1 28 306
23 1 23 527
24 1 30 5
25 1 30 1255
26 1 29 1540
27 1 27 345
28 1 26 1179
29 1 24 927
30 1 23 1739
31 1 21 499
32 1 26 1021
33 1 27 601
34 1 26 388
35 1 28 270
36 2 20 532
37 2 24 1462
38 2 22 1320
39 2 22 276
40 2 23 137
41 2 30 1624
42 2 21 560
43 2 29 1554
44 2 23 622
45 2 27 705
46 2 22 476
47 2 26 926
48 2 28 1063
49 2 28 969
50 2 23 208
51 2 24 1173
52 2 23 749
53 2 20 253
54 2 27 326
55 2 28 434
56 2 29 392
57 2 21 1003
58 2 24 1237
59 2 27 1136
60 2 28 662
61 2 22 1289
62 2 22 1597
63 2 23 1403
64 2 24 826
65 2 30 100
66 2 20 1099
67 2 21 875
68 2 29 1365
69 2 22 54
70 2 21 581
