100
30 24 1 2
21 20 1 2
15 14 2 1
10 23 1 2
19 30 2 1
23 13 1 2
14 11 1 2
6 22 1 2
15 22 2 1
14 8 2 1
6 27 2 1
14 28 1 2
12 11 2 1
16 11 1 2
21 9 2 1
30 7 2 1
6 21 1 2
17 15 1 2
21 9 1 2
22 29 1 2
14 22 2 1
9 14 2 1
5 25 2 1
21 7 1 2
27 6 1 2
18 30 1 2
12 10 2 1
29 30 2 1
13 8 1 2
10 16 1 2
19 24 2 1
16 5 2 1
18 26 2 1
26 16 1 2
7 14 1 2
12 16 2 1
5 23 1 2
6 26 2 1
12 18 2 1
9 21 2 1
20 16 2 1
5 20 1 2
26 5 2 1
21 8 2 1
13 7 2 1
14 17 1 2
5 26 1 2
25 15 1 2
8 7 1 2
23 21 1 2
9 10 1 2
27 23 1 2
9 23 1 2
13 28 1 2
17 19 2 1
29 8 2 1
13 21 2 1
26 11 2 1
29 17 1 2
24 19 1 2
18 5 1 2
24 27 1 2
7 12 2 1
23 21 2 1
5 26 1 2
20 29 2 1
22 23 1 2
24 30 2 1
24 20 1 2
21 7 2 1
6 17 1 2
6 29 1 2
19 11 1 2
10 30 2 1
21 28 2 1
12 30 1 2
14 25 2 1
24 23 1 2
19 9 1 2
6 26 1 2
14 8 2 1
29 12 2 1
9 8 2 1
11 14 2 1
8 18 2 1
28 30 2 1
13 30 2 1
29 11 2 1
22 11 1 2
25 11 2 1
12 15 2 1
13 11 1 2
6 16 1 2
18 22 2 1
28 19 1 2
12 30 2 1
5 7 1 2
28 11 2 1
22 10 1 2
5 26 2 1
1 1 20 1605
2 1 29 173
3 1 22 526
4 1 24 873
5 1 20 633
6 1 25 83
7 1 22 1630
8 1 22 1204
9 1 27 1659
10 1 21 301
11 1 24 1007
12 1 20 1066
13 1 30 1113
14 1 25 404
15 1 26 802
16 1 27 442
17 1 22 1362
18 1 23 1173
19 1 20 380
20 1 28 495
21 1 29 1291
22 1 24 1460
23 1 20 724
24 1 22 1239
25 1 29 1521
26 1 30 1330
27 1 25 572
28 1 20 354
29 1 21 215
30 1 24 548
31 1 23 911
32 1 26 963
33 1 22 689
34 1 28 1556
35 1 25 1265
36 1 25 19
37 1 27 846
38 1 24 749
39 1 20 934
40 1 24 267
41 2 21 1499
42 2 26 1435
43 2 26 479
44 2 28 1374
45 2 23 333
46 2 26 747
47 2 23 1636
48 2 28 375
49 2 21 285
50 2 25 78
51 2 26 1292
52 2 22 942
53 2 21 1555
54 2 20 121
55 2 21 1178
56 2 30 1036
57 2 21 1579
58 2 21 836
59 2 28 655
60 2 26 32
61 2 25 985
62 2 26 1346
63 2 29 607
64 2 22 1094
65 2 21 260
66 2 27 786
67 2 28 528
68 2 22 1217
69 2 23 1464
70 2 21 181
71 2 25 690
72 2 20 1527
73 2 29 912
74 2 27 1672
75 2 22 1610
76 2 22 149
77 2 23 880
78 2 21 3
79 2 29 433
80 2 25 226
