100
7 8 2 1
29 10 2 1
21 20 1 2
21 28 1 2
26 11 2 1
11 14 2 1
26 13 2 1
17 15 2 1
28 24 2 1
23 8 2 1
18 26 2 1
10 15 1 2
24 11 2 1
15 29 2 1
25 19 1 2
12 25 1 2
23 17 2 1
15 24 2 1
18 22 1 2
28 23 1 2
6 20 1 2
27 27 2 1
9 9 1 2
18 29 1 2
17 26 1 2
9 15 1 2
27 12 2 1
17 30 1 2
8 14 2 1
15 18 2 1
19 23 2 1
19 26 2 1
14 25 1 2
24 13 2 1
30 6 1 2
11 11 1 2
15 24 2 1
13 22 1 2
26 14 1 2
11 21 1 2
28 10 2 1
22 23 1 2
21 9 1 2
23 6 2 1
21 18 2 1
17 26 1 2
14 24 2 1
29 17 1 2
14 10 1 2
7 24 1 2
30 17 1 2
10 12 2 1
18 26 2 1
18 13 1 2
21 10 1 2
18 7 1 2
21 23 1 2
29 6 1 2
15 14 1 2
6 20 2 1
26 18 1 2
16 13 2 1
15 10 1 2
23 14 1 2
20 12 1 2
27 16 1 2
14 16 2 1
19 28 2 1
16 5 1 2
21 16 2 1
30 14 2 1
13 6 2 1
26 26 1 2
19 16 2 1
19 16 2 1
30 6 1 2
14 28 1 2
13 22 2 1
11 25 2 1
29 5 1 2
16 16 2 1
20 13 1 2
19 22 2 1
19 22 2 1
10 29 2 1
12 27 1 2
15 22 2 1
26 24 1 2
7 25 2 1
7 21 1 2
25 11 1 2
16 14 1 2
15 17 1 2
23 12 1 2
8 16 1 2
20 15 1 2
30 17 2 1
23 11 2 1
25 25 2 1
29 6 1 2
1 1 23 400
2 1 21 69
3 1 25 1167
4 1 25 1368
5 1 24 340
6 1 22 969
7 1 26 701
8 1 24 1331
9 1 22 875
10 1 21 1485
11 1 20 102
12 1 23 1699
13 1 24 1775
14 1 20 1659
15 1 30 203
16 1 24 134
17 1 22 1569
18 1 30 1614
19 1 26 734
20 1 25 1294
21 1 23 509
22 1 23 773
23 1 28 1426
24 1 26 1514
25 1 23 1249
26 1 30 1203
27 1 22 175
28 1 20 1003
29 1 26 1730
30 1 29 7
31 1 28 1821
32 1 25 432
33 1 27 1083
34 1 28 1031
35 1 28 625
36 1 28 937
37 1 20 478
38 1 29 301
39 1 24 269
40 1 29 1455
41 1 28 809
42 1 26 545
43 1 30 1137
44 1 26 596
45 1 24 656
46 2 28 319
47 2 30 1429
48 2 25 1009
49 2 30 1060
50 2 28 419
51 2 24 662
52 2 22 903
53 2 24 9
54 2 30 1667
55 2 25 154
56 2 29 259
57 2 29 1298
58 2 28 701
59 2 28 1214
60 2 24 1172
61 2 24 507
62 2 20 65
63 2 29 464
64 2 22 1336
65 2 25 1368
66 2 28 937
67 2 30 838
68 2 21 354
69 2 27 1588
70 2 27 1477
71 2 22 1515
72 2 23 1260
73 2 22 1115
74 2 28 965
75 2 23 93
76 2 29 773
77 2 29 1545
78 2 24 1139
79 2 27 217
80 2 28 592
81 2 26 558
82 2 24 1627
83 2 27 1722
84 2 21 628
85 2 30 737
86 2 23 117
87 2 20 804
88 2 30 386
89 2 24 1398
90 2 25 179
