100
13 18 1 2
24 16 1 2
19 15 2 1
28 29 1 2
17 10 2 1
23 24 1 2
21 13 2 1
17 15 1 2
12 29 1 2
23 30 2 1
14 19 1 2
12 19 2 1
27 16 1 2
22 24 2 1
27 27 1 2
21 15 1 2
15 23 1 2
26 18 1 2
11 17 2 1
10 11 2 1
20 17 1 2
26 14 1 2
15 17 2 1
23 29 2 1
10 29 2 1
25 15 1 2
30 17 2 1
10 28 2 1
14 28 2 1
10 30 1 2
11 23 1 2
16 24 1 2
27 30 2 1
25 30 1 2
16 13 2 1
30 21 1 2
10 13 2 1
11 26 1 2
11 15 1 2
21 18 1 2
29 21 2 1
15 25 1 2
11 28 2 1
13 27 1 2
30 16 2 1
13 26 1 2
11 18 1 2
23 30 1 2
14 17 1 2
23 13 2 1
15 30 2 1
19 14 2 1
14 19 2 1
14 21 2 1
18 22 1 2
13 25 1 2
10 11 2 1
23 22 1 2
26 24 2 1
23 11 2 1
24 22 1 2
17 12 1 2
26 22 2 1
10 29 1 2
23 16 1 2
25 17 2 1
15 11 1 2
10 17 2 1
10 12 1 2
15 24 1 2
17 11 1 2
27 16 1 2
30 23 2 1
16 10 2 1
19 24 1 2
26 27 2 1
13 19 1 2
18 29 2 1
26 26 2 1
30 14 1 2
18 28 1 2
22 14 1 2
24 22 1 2
20 30 2 1
20 13 2 1
19 21 2 1
10 21 2 1
29 10 1 2
14 25 1 2
14 16 1 2
16 11 1 2
29 23 2 1
30 21 1 2
19 11 1 2
23 17 1 2
24 30 2 1
29 29 1 2
13 13 1 2
21 14 2 1
16 24 2 1
1 1 23 3898
2 1 26 2026
3 1 21 1951
4 1 27 1560
5 1 21 3442
6 1 28 2324
7 1 20 3295
8 1 23 1427
9 1 21 1377
10 1 21 1293
11 1 20 2384
12 1 29 3811
13 1 28 2558
14 1 30 689
15 1 26 3248
16 1 24 967
17 1 30 1916
18 1 25 2991
19 1 21 3081
20 1 25 1621
21 2 27 1567
22 2 30 2856
23 2 30 3623
24 2 24 3887
25 2 27 3072
26 2 22 2470
27 2 20 3808
28 2 30 3505
29 2 30 7
30 2 28 1385
31 2 22 398
32 2 20 3664
33 2 26 523
34 2 21 3398
35 2 21 3732
36 2 30 1232
37 2 30 4105
38 2 29 2015
39 2 28 1927
40 2 29 4207
