60
93 33 1 2
90 90 1 2
28 82 2 1
40 42 2 1
26 18 2 1
51 58 2 1
72 38 1 2
18 11 1 2
5 2 1 2
76 62 1 2
36 95 1 2
6 81 2 1
33 47 2 1
14 48 1 2
17 55 1 2
73 77 1 2
91 72 1 2
87 75 1 2
45 9 1 2
43 98 2 1
72 17 2 1
32 33 1 2
65 67 1 2
64 3 1 2
43 60 1 2
73 47 1 2
77 3 2 1
28 45 1 2
72 45 2 1
58 84 2 1
15 94 1 2
46 86 2 1
22 8 2 1
7 38 1 2
16 10 2 1
13 65 1 2
17 37 1 2
70 6 2 1
52 7 2 1
8 14 2 1
95 63 2 1
52 30 1 2
5 9 1 2
41 85 2 1
1 80 2 1
6 84 2 1
78 8 1 2
33 62 1 2
45 68 2 1
61 16 2 1
73 88 2 1
98 20 1 2
90 88 1 2
60 97 1 2
21 70 2 1
11 3 1 2
94 29 1 2
81 60 1 2
56 71 2 1
7 23 2 1
1 1 26 344
2 1 29 1910
3 1 21 1146
4 1 22 2379
5 1 24 1976
6 1 22 544
7 1 24 1775
8 1 25 1527
9 1 24 1255
10 1 26 1091
11 1 22 1488
12 1 21 1575
13 1 29 650
14 1 25 1940
15 1 22 2502
16 1 28 1320
17 1 24 517
18 1 24 951
19 2 30 1402
20 2 23 876
21 2 30 935
22 2 26 1573
23 2 25 1712
24 2 27 1482
25 2 25 682
26 2 22 2635
27 2 26 225
28 2 26 90
29 2 21 317
30 2 20 2047
31 2 23 198
32 2 29 1436
33 2 25 1624
34 2 23 2400
35 2 27 1010
36 2 26 1136
