200
22 18 2 1
20 19 2 1
7 23 1 2
29 6 2 1
11 28 1 2
21 20 1 2
5 6 1 2
7 11 1 2
23 12 1 2
28 16 2 1
6 23 1 2
9 25 2 1
13 12 2 1
21 23 2 1
28 22 1 2
9 19 2 1
25 24 1 2
20 26 1 2
14 14 1 2
21 6 1 2
23 20 1 2
29 8 1 2
20 12 1 2
21 6 1 2
24 7 1 2
10 23 2 1
22 14 1 2
28 5 1 2
19 25 2 1
19 23 2 1
10 24 2 1
23 9 1 2
26 9 1 2
25 28 1 2
22 24 2 1
28 24 1 2
5 26 2 1
21 26 1 2
26 8 1 2
27 27 1 2
21 14 1 2
24 11 1 2
9 16 2 1
10 28 1 2
22 30 2 1
17 11 1 2
20 8 1 2
6 10 2 1
26 19 2 1
22 21 2 1
17 30 2 1
7 19 1 2
20 6 2 1
9 19 2 1
26 7 2 1
26 26 2 1
6 29 2 1
6 5 2 1
6 24 2 1
14 26 2 1
21 17 2 1
7 15 2 1
29 14 2 1
20 5 1 2
13 29 1 2
27 22 1 2
9 23 1 2
6 17 2 1
25 20 2 1
30 20 1 2
19 11 1 2
29 24 2 1
14 24 2 1
11 19 1 2
14 19 2 1
25 30 2 1
28 9 2 1
22 13 1 2
7 29 2 1
20 23 2 1
11 11 1 2
6 11 1 2
8 8 2 1
15 20 2 1
20 23 2 1
10 6 2 1
18 21 2 1
30 29 1 2
23 23 1 2
14 28 1 2
30 18 2 1
23 21 2 1
9 18 2 1
7 23 2 1
28 20 2 1
20 22 1 2
5 7 2 1
9 18 2 1
22 27 2 1
10 8 2 1
14 30 1 2
17 20 2 1
30 27 2 1
27 25 2 1
18 17 2 1
19 27 2 1
5 12 1 2
9 13 2 1
10 13 2 1
25 20 1 2
13 20 1 2
24 29 1 2
18 8 1 2
28 14 2 1
12 14 1 2
21 23 2 1
25 29 2 1
30 21 1 2
13 22 1 2
9 8 2 1
23 7 2 1
23 22 2 1
11 26 1 2
26 11 1 2
12 11 2 1
30 17 2 1
24 30 1 2
7 11 1 2
29 18 1 2
7 12 2 1
14 9 1 2
8 22 2 1
29 24 1 2
6 15 1 2
20 12 1 2
29 28 2 1
13 16 2 1
18 21 2 1
5 23 1 2
15 26 1 2
6 22 1 2
19 30 1 2
25 21 2 1
23 17 1 2
18 29 1 2
10 28 1 2
6 5 2 1
11 27 2 1
11 24 1 2
11 7 1 2
19 5 1 2
5 12 1 2
16 15 1 2
13 15 2 1
8 30 1 2
9 24 1 2
27 29 1 2
11 12 2 1
30 9 1 2
5 28 1 2
11 5 2 1
10 8 1 2
29 15 2 1
22 28 2 1
28 5 2 1
24 23 2 1
25 20 2 1
12 10 1 2
18 16 2 1
18 9 1 2
5 30 2 1
25 24 1 2
7 5 2 1
14 12 2 1
13 17 1 2
17 26 1 2
9 24 2 1
7 29 1 2
5 16 1 2
15 18 1 2
17 19 2 1
8 16 2 1
13 21 2 1
9 6 2 1
5 5 1 2
30 18 1 2
7 16 2 1
12 17 1 2
12 20 1 2
9 8 1 2
25 9 2 1
23 20 2 1
7 11 1 2
7 15 2 1
20 15 2 1
27 5 1 2
10 13 1 2
14 27 1 2
10 17 1 2
30 20 1 2
1 1 26 5540
2 1 26 6396
3 1 22 1212
4 1 25 166
5 1 33 8063
6 1 37 2964
7 1 20 687
8 1 37 2911
9 1 35 6600
10 1 40 5976
11 1 32 6873
12 1 23 2293
13 1 38 1912
14 1 39 3675
15 1 27 4277
16 1 32 3353
17 1 34 816
18 1 33 6499
19 1 25 4141
20 1 22 2400
21 1 35 6220
22 1 36 1801
23 1 40 4488
24 1 21 2835
25 1 29 1416
26 1 39 7076
27 1 28 3930
28 1 34 5383
29 1 32 3285
30 1 32 3731
31 2 23 5434
32 2 34 3003
33 2 34 2483
34 2 39 3278
35 2 25 4396
36 2 24 8555
37 2 26 533
38 2 20 4169
39 2 38 8052
40 2 38 4220
41 2 22 6767
42 2 35 7937
43 2 38 2814
44 2 22 7666
45 2 27 5470
46 2 25 1114
47 2 21 7972
48 2 33 4504
49 2 27 2227
50 2 38 3365
51 2 30 6035
52 2 25 4869
53 2 22 3422
54 2 37 341
55 2 25 4367
56 2 25 3498
57 2 28 1265
58 2 33 6889
59 2 38 1000
60 2 20 1325
