200
18 13 1 2
12 17 1 2
16 20 1 2
10 13 2 1
19 13 2 1
11 10 1 2
20 11 1 2
20 15 1 2
16 14 1 2
14 10 2 1
17 18 1 2
17 13 1 2
12 16 1 2
20 11 1 2
19 11 2 1
15 18 2 1
15 13 1 2
19 10 1 2
17 20 1 2
18 19 1 2
13 20 1 2
17 12 1 2
18 10 2 1
18 11 1 2
15 12 1 2
14 16 1 2
18 18 1 2
15 15 2 1
16 14 2 1
15 18 1 2
19 14 2 1
11 18 1 2
18 12 2 1
12 10 2 1
14 17 2 1
11 13 1 2
10 16 1 2
17 19 2 1
16 20 2 1
16 15 1 2
16 19 1 2
11 11 2 1
19 18 1 2
20 14 1 2
16 16 1 2
12 16 1 2
16 16 2 1
18 14 1 2
13 16 2 1
12 17 2 1
14 16 2 1
11 10 1 2
20 13 1 2
10 12 2 1
17 17 2 1
19 12 1 2
17 17 2 1
14 11 1 2
16 17 2 1
14 14 2 1
20 16 1 2
20 10 2 1
18 14 2 1
10 10 2 1
15 18 1 2
15 10 2 1
15 13 1 2
12 18 2 1
15 12 2 1
17 16 1 2
14 17 1 2
19 16 1 2
19 14 2 1
13 15 1 2
17 15 1 2
20 12 1 2
20 15 1 2
16 11 2 1
13 18 1 2
11 15 1 2
19 13 2 1
19 13 2 1
13 15 1 2
15 13 2 1
14 14 2 1
16 16 1 2
20 15 2 1
11 20 1 2
15 16 2 1
14 11 2 1
11 20 2 1
18 11 2 1
20 16 2 1
14 17 1 2
17 18 1 2
13 14 2 1
16 11 1 2
13 12 2 1
12 18 1 2
19 19 2 1
19 16 2 1
13 10 2 1
14 16 2 1
12 20 2 1
17 11 2 1
18 16 1 2
11 15 2 1
19 14 2 1
14 12 1 2
14 15 2 1
19 10 2 1
13 17 2 1
11 10 1 2
20 15 2 1
15 14 2 1
13 13 1 2
18 15 1 2
14 13 2 1
12 14 2 1
14 13 1 2
19 19 1 2
19 14 2 1
20 15 2 1
18 14 1 2
19 15 1 2
14 12 1 2
17 11 1 2
17 17 2 1
10 17 1 2
13 20 2 1
16 11 2 1
15 11 1 2
17 15 1 2
16 12 1 2
12 20 2 1
18 15 1 2
16 14 1 2
20 16 1 2
15 19 2 1
12 16 1 2
10 13 2 1
11 18 2 1
19 19 2 1
18 13 1 2
14 12 1 2
16 17 2 1
20 19 1 2
16 13 1 2
10 16 2 1
15 16 1 2
15 15 1 2
13 12 1 2
20 17 1 2
11 10 2 1
12 19 1 2
13 19 1 2
16 18 2 1
11 14 2 1
12 12 2 1
16 19 2 1
14 19 1 2
14 20 1 2
14 15 1 2
19 12 2 1
13 15 1 2
14 19 2 1
10 18 2 1
20 11 2 1
15 15 2 1
14 10 1 2
19 19 2 1
20 16 1 2
12 18 2 1
20 17 1 2
15 15 1 2
13 15 2 1
14 16 2 1
14 15 1 2
12 10 1 2
10 16 1 2
12 20 1 2
16 16 2 1
12 12 2 1
10 13 1 2
17 11 1 2
19 16 2 1
19 14 1 2
18 15 1 2
15 17 1 2
19 17 2 1
10 14 2 1
13 11 1 2
18 19 1 2
19 15 1 2
12 17 2 1
14 20 2 1
15 16 2 1
13 12 2 1
13 10 2 1
20 12 2 1
1 1 30 793
2 1 40 1742
3 1 32 1223
4 1 39 275
5 1 31 207
6 1 34 2238
7 1 39 1562
8 1 40 389
9 1 31 1321
10 1 30 2170
11 1 40 1623
12 1 36 2586
13 1 38 508
14 1 33 2100
15 1 34 1937
16 1 34 129
17 1 39 576
18 1 40 2285
19 1 30 2207
20 1 35 76
21 1 37 1873
22 1 38 2934
23 1 40 965
24 1 33 1128
25 1 32 638
26 1 34 170
27 1 36 1702
28 1 38 1073
29 1 40 2774
30 1 40 898
31 1 35 2848
32 1 31 2709
33 1 32 1364
34 1 34 2544
35 1 36 2977
36 1 32 1446
37 1 40 2011
38 1 30 1821
39 1 32 1666
40 1 32 1284
41 1 38 1030
42 1 33 2055
43 1 31 2384
44 1 39 2480
45 1 40 2654
46 1 32 861
47 1 34 727
48 1 35 2329
49 1 33 474
50 1 31 1513
51 1 30 2443
52 1 35 1478
53 1 38 433
54 1 40 1396
55 1 36 338
56 1 32 2898
57 1 31 1171
58 1 40 671
59 1 31 1973
60 1 31 2139
61 2 37 30
62 2 30 1461
63 2 36 755
64 2 31 2250
65 2 35 857
66 2 32 1409
67 2 30 1230
68 2 35 1089
69 2 38 1712
70 2 38 1779
71 2 36 182
72 2 30 2405
73 2 33 1637
74 2 40 2718
75 2 39 2087
76 2 40 1342
77 2 31 2857
78 2 33 2959
79 2 36 2780
80 2 35 2534
81 2 40 1835
82 2 32 908
83 2 32 691
84 2 30 2039
85 2 37 584
86 2 32 956
87 2 30 2629
88 2 33 1126
89 2 31 990
90 2 35 415
91 2 30 2918
92 2 31 1672
93 2 38 291
94 2 40 1976
95 2 35 2194
96 2 38 240
97 2 30 1607
98 2 38 1907
99 2 34 2590
100 2 33 1038
101 2 36 2133
102 2 37 1535
103 2 40 2437
104 2 34 343
105 2 32 2371
106 2 34 2660
107 2 30 1187
108 2 33 1284
109 2 32 2315
110 2 32 91
111 2 33 123
112 2 38 806
113 2 30 471
114 2 35 2480
115 2 32 517
116 2 40 645
117 2 36 2820
118 2 32 380
119 2 34 1491
120 2 35 1572
