1 20 12 100 120 40
2 4 12 100 120 40
3 8 12 100 120 40
4 12 12 100 120 40
5 16 12 100 120 40
6 24 12 100 120 40
7 28 12 100 120 40
8 32 12 100 120 40
9 36 12 100 120 40
10 40 12 100 120 40
11 20 4 100 120 40
12 20 8 100 120 40
13 20 16 100 120 40
14 20 20 100 120 40
15 20 24 100 120 40
16 20 28 100 120 40
17 20 32 100 120 40
18 20 36 100 120 40
19 20 40 100 120 40
20 20 12 20 120 40
21 20 12 40 120 40
22 20 12 60 120 40
23 20 12 80 120 40
24 20 12 120 120 40
25 20 12 140 120 40
26 20 12 160 120 40
27 20 12 180 120 40
28 20 12 200 120 40
29 20 12 100 60 40
30 20 12 100 80 40
31 20 12 100 100 40
32 20 12 100 140 40
33 20 12 100 160 40
34 20 12 100 180 40
35 20 12 100 200 40
36 20 12 100 220 40
37 20 12 100 240 40
38 20 12 100 120 10
39 20 12 100 120 20
40 20 12 100 120 30
41 20 12 100 120 50
42 20 12 100 120 60
43 20 12 100 120 70
44 20 12 100 120 80
45 20 12 100 120 90
46 20 12 100 120 100
47 20 12 100 120 40
48 20 12 100 120 40
49 20 12 100 120 40
50 20 12 100 120 40
51 20 12 100 120 40
52 20 12 100 120 40
53 20 12 100 120 40
