1 100 5 30 0.2 20 30
2 100 5 30 0.2 20 30
3 100 5 30 0.2 20 30
4 100 5 30 0.2 20 30
5 100 5 30 0.2 20 30
6 100 5 30 0.2 20 30
7 100 5 30 0.2 20 30
8 100 5 30 0.2 20 30
9 100 5 30 0.2 20 30
10 100 5 30 0.2 20 30
11 100 5 30 0.2 20 30
12 100 5 30 0.2 20 30
13 100 5 30 0.2 20 30
14 100 5 30 0.2 20 30
15 100 5 30 0.2 20 30
16 100 5 30 0.2 20 30
17 100 5 30 0.2 20 30
18 100 5 30 0.2 20 30
19 100 5 30 0.2 20 30
20 100 5 30 0.2 20 30
21 100 5 30 0.2 20 30
22 100 5 30 0.2 20 30
23 100 5 30 0.2 20 30
24 100 5 30 0.2 20 30
25 100 5 30 0.2 20 30
26 100 5 30 0.2 20 30
27 100 5 30 0.2 20 30
28 100 5 30 0.2 20 30
29 100 5 30 0.2 20 30
30 100 5 30 0.2 20 30
31 100 5 30 0.2 20 30
32 100 5 30 0.2 20 30
33 100 5 30 0.2 20 30
34 100 5 30 0.2 20 30
35 100 5 30 0.2 20 30
36 100 5 30 0.2 20 30
37 100 5 30 0.2 20 30
38 100 5 30 0.2 20 30
39 100 5 30 0.2 20 30
40 100 5 30 0.2 20 30
41 100 5 30 0.2 20 30
42 100 5 30 0.2 20 30
43 100 5 30 0.2 20 30
44 100 5 30 0.2 20 30
45 100 5 30 0.2 20 30
46 100 5 30 0.2 20 30
47 100 5 30 0.1 20 30
48 100 5 30 0.15 20 30
49 100 5 30 0.25 20 30
50 100 5 30 0.3 20 30
51 100 5 30 0.35 20 30
52 100 5 30 0.4 20 30
53 100 5 30 0.45 20 30
