1
50
10 6 2 1
8 7 2 1
4 16 2 1
4 13 1 2
4 10 2 1
6 2 1 2
3 2 2 1
15 9 1 2
19 11 2 1
6 2 1 2
16 8 1 2
15 15 1 2
17 6 1 2
4 15 1 2
18 11 2 1
3 11 2 1
8 19 1 2
13 2 1 2
5 8 1 2
6 15 2 1
14 12 2 1
7 20 1 2
2 12 1 2
11 10 2 1
14 15 2 1
18 18 2 1
18 3 2 1
16 8 1 2
18 7 2 1
15 16 2 1
11 18 1 2
13 4 2 1
3 19 2 1
4 12 1 2
14 17 1 2
15 8 2 1
14 4 2 1
7 15 1 2
6 13 2 1
1 16 2 1
8 20 2 1
14 11 2 1
8 14 1 2
18 10 1 2
1 10 2 1
10 17 1 2
12 16 2 1
12 9 1 2
9 12 2 1
19 17 1 2
1 1 18 347
2 1 20 214
3 1 16 291
4 1 16 265
5 2 20 29
