10
200
45 41 2 1
40 46 2 1
45 47 1 2
44 46 2 1
47 40 1 2
49 41 2 1
47 49 2 1
45 50 1 2
49 40 2 1
44 44 2 1
47 48 1 2
45 44 1 2
42 43 2 1
46 48 1 2
47 45 2 1
42 44 1 2
48 42 1 2
44 49 2 1
44 45 1 2
46 42 2 1
45 43 2 1
47 45 1 2
46 43 1 2
45 49 2 1
44 50 1 2
41 41 2 1
48 48 2 1
48 46 2 1
43 49 2 1
41 43 1 2
44 47 2 1
47 45 2 1
49 45 2 1
46 42 2 1
41 45 2 1
46 49 1 2
47 45 2 1
49 45 2 1
47 41 1 2
47 46 2 1
48 45 1 2
46 42 2 1
46 49 2 1
44 41 2 1
47 46 1 2
45 47 2 1
50 46 1 2
45 50 2 1
45 44 2 1
50 43 1 2
43 50 1 2
47 41 2 1
43 42 1 2
43 40 2 1
44 44 1 2
43 40 2 1
45 48 2 1
40 44 1 2
45 44 1 2
49 49 2 1
46 47 2 1
47 48 1 2
42 42 1 2
49 43 1 2
50 45 1 2
50 41 1 2
46 48 1 2
41 47 1 2
48 41 1 2
45 41 2 1
40 48 1 2
41 44 1 2
46 40 1 2
47 40 2 1
47 47 2 1
47 43 1 2
44 49 1 2
41 41 1 2
48 49 1 2
45 42 2 1
49 47 2 1
49 46 2 1
44 40 1 2
50 48 1 2
43 44 1 2
50 45 2 1
45 42 1 2
46 40 1 2
41 41 2 1
41 49 1 2
49 41 1 2
43 47 2 1
42 50 2 1
46 48 1 2
43 50 1 2
44 41 2 1
43 41 1 2
42 44 1 2
43 42 1 2
43 49 2 1
48 45 2 1
46 49 2 1
49 41 2 1
44 45 1 2
44 50 1 2
50 50 1 2
45 47 1 2
44 48 1 2
45 45 2 1
44 48 1 2
50 40 1 2
48 49 1 2
45 49 1 2
49 43 1 2
48 41 2 1
47 40 1 2
40 47 2 1
49 50 2 1
50 46 2 1
43 42 2 1
49 45 2 1
50 46 2 1
43 44 2 1
50 43 1 2
45 43 1 2
42 49 1 2
50 50 2 1
49 45 1 2
41 40 2 1
46 47 2 1
50 48 2 1
48 43 2 1
48 47 1 2
42 40 1 2
40 46 1 2
48 40 1 2
40 50 2 1
47 47 2 1
48 41 2 1
44 45 2 1
42 46 2 1
49 40 2 1
43 46 2 1
48 46 1 2
40 42 2 1
45 49 1 2
46 41 1 2
49 45 1 2
41 40 2 1
43 42 1 2
46 48 1 2
44 44 2 1
47 48 1 2
50 44 1 2
48 43 1 2
43 41 2 1
49 46 2 1
45 44 1 2
43 45 1 2
48 41 1 2
44 43 2 1
47 50 2 1
50 48 2 1
47 41 2 1
42 44 2 1
43 47 2 1
43 48 2 1
48 40 1 2
40 42 2 1
45 48 1 2
42 41 1 2
46 45 2 1
44 44 1 2
49 44 1 2
41 46 2 1
41 50 1 2
43 45 2 1
41 47 1 2
50 40 1 2
49 41 1 2
49 43 2 1
41 48 1 2
46 47 1 2
48 42 1 2
50 47 1 2
48 43 1 2
40 48 1 2
43 43 2 1
42 45 1 2
41 46 2 1
48 49 1 2
47 48 2 1
42 40 2 1
50 42 1 2
41 43 2 1
48 44 2 1
40 46 2 1
50 40 1 2
46 45 1 2
46 47 1 2
1 1 49 71
2 2 89 37
3 1 64 83
4 1 56 92
5 1 70 1
6 1 40 59
7 1 85 42
8 1 51 70
9 1 71 83
10 1 44 94
11 1 63 9
12 2 74 67
13 2 70 44
14 2 75 88
15 1 53 1
16 2 76 83
17 2 86 10
18 2 56 2
19 1 45 94
20 2 67 3
21 1 70 69
22 2 68 15
23 1 77 53
24 2 54 73
25 1 53 72
26 2 64 37
27 2 82 84
28 2 82 88
29 1 40 67
30 1 49 17
31 1 42 19
32 2 85 90
33 2 82 5
34 1 71 77
35 2 49 49
36 2 55 36
37 1 58 12
38 2 84 0
39 1 40 95
40 2 79 84
