4
50
6 4 2 1
16 5 2 1
9 15 1 2
18 3 1 2
2 14 1 2
17 18 2 1
3 11 2 1
11 4 2 1
20 2 1 2
19 5 2 1
6 14 1 2
15 14 1 2
7 8 2 1
15 5 2 1
1 11 1 2
18 18 2 1
4 7 2 1
19 15 1 2
7 14 2 1
5 17 2 1
2 19 2 1
17 17 2 1
14 2 1 2
17 10 1 2
12 3 2 1
3 11 2 1
2 5 1 2
14 8 1 2
5 11 1 2
7 7 1 2
8 10 2 1
3 4 2 1
7 7 1 2
9 20 1 2
7 19 1 2
20 12 2 1
13 8 1 2
15 19 2 1
10 11 1 2
13 3 2 1
2 10 2 1
11 17 2 1
6 18 1 2
5 11 1 2
4 13 1 2
3 13 2 1
9 15 2 1
5 9 1 2
8 8 1 2
20 19 1 2
1 2 40 1365
2 2 46 50
3 1 41 1194
4 1 50 401
5 1 48 326
