5
50
5 7 2 1
8 4 1 2
6 2 1 2
9 15 2 1
6 4 1 2
6 13 2 1
14 2 1 2
8 7 2 1
19 7 2 1
17 4 1 2
17 18 1 2
1 18 2 1
6 1 1 2
1 19 1 2
14 17 1 2
20 18 2 1
1 3 2 1
7 17 1 2
3 14 2 1
1 19 2 1
5 4 1 2
15 5 2 1
6 19 1 2
11 19 2 1
8 3 2 1
1 6 2 1
7 4 1 2
9 7 1 2
7 18 1 2
7 4 2 1
14 15 2 1
4 14 1 2
15 7 1 2
3 12 1 2
16 6 1 2
14 1 2 1
8 3 1 2
18 5 2 1
7 13 1 2
9 20 1 2
4 1 2 1
15 18 2 1
2 1 1 2
3 13 2 1
4 16 1 2
20 3 1 2
14 12 1 2
5 3 1 2
11 11 1 2
18 16 1 2
1 2 75 633
2 2 84 1241
3 2 78 1750
4 2 77 1645
5 1 70 1876
