6
100
27 26 1 2
10 14 1 2
16 15 2 1
19 20 2 1
16 29 1 2
25 16 2 1
25 24 1 2
30 30 1 2
21 25 2 1
13 23 2 1
18 30 2 1
24 19 1 2
13 30 2 1
22 10 1 2
24 19 1 2
17 16 1 2
22 29 2 1
11 24 2 1
24 20 2 1
24 26 1 2
25 18 1 2
29 26 1 2
13 30 1 2
15 13 2 1
30 13 2 1
11 12 1 2
25 16 1 2
16 30 2 1
24 11 1 2
28 25 2 1
27 20 1 2
20 29 1 2
16 24 1 2
26 20 1 2
15 23 2 1
27 13 2 1
28 22 2 1
21 10 2 1
18 14 1 2
11 10 2 1
26 14 2 1
11 24 1 2
23 30 1 2
23 22 1 2
12 29 2 1
19 23 1 2
16 11 2 1
20 30 2 1
28 29 1 2
12 10 2 1
20 13 2 1
19 22 1 2
11 11 1 2
27 29 1 2
24 13 2 1
18 11 2 1
19 22 2 1
13 15 1 2
17 27 2 1
11 28 1 2
16 11 2 1
22 30 2 1
28 16 1 2
30 11 1 2
27 18 2 1
25 21 1 2
29 11 2 1
20 27 1 2
19 30 2 1
29 11 1 2
19 10 1 2
11 14 2 1
14 30 2 1
30 25 1 2
10 24 1 2
10 28 1 2
12 17 1 2
30 21 1 2
20 30 1 2
29 16 1 2
24 14 2 1
15 12 1 2
15 21 1 2
22 13 2 1
13 13 2 1
27 19 2 1
25 19 2 1
15 16 2 1
20 11 1 2
17 21 1 2
14 12 1 2
27 30 2 1
21 19 2 1
10 22 1 2
24 28 1 2
13 22 2 1
20 15 2 1
24 14 1 2
11 29 2 1
15 27 2 1
1 1 20 842
2 1 24 3191
3 1 30 669
4 1 24 41
5 1 24 3888
6 1 25 2436
7 1 30 3132
8 1 23 3244
9 1 29 3042
10 1 20 354
11 1 20 1041
12 1 24 2515
13 1 29 3466
14 1 25 1935
15 1 30 2967
16 1 27 1284
17 1 24 1653
18 1 27 4066
19 1 30 1312
20 1 28 2335
21 2 22 2156
22 2 21 823
23 2 28 627
24 2 27 1105
25 2 23 424
26 2 22 532
27 2 22 246
28 2 25 707
29 2 30 3322
30 2 30 3109
31 2 25 57
32 2 28 1827
33 2 25 1234
34 2 20 2933
35 2 22 3755
36 2 21 761
37 2 30 2990
38 2 24 2826
39 2 20 1589
40 2 21 2322
