7
80
19 17 1 2
10 8 2 1
16 12 2 1
17 16 1 2
14 7 1 2
18 18 1 2
9 8 2 1
19 12 1 2
15 19 1 2
9 7 2 1
10 8 2 1
7 20 2 1
16 9 2 1
10 8 1 2
17 11 2 1
11 10 2 1
9 10 2 1
20 12 1 2
17 19 1 2
14 12 1 2
18 8 1 2
10 10 2 1
11 8 1 2
20 17 1 2
8 17 1 2
9 10 1 2
16 19 2 1
17 8 2 1
11 9 2 1
14 20 1 2
15 11 2 1
15 9 1 2
15 14 1 2
11 16 1 2
17 16 1 2
14 19 2 1
19 10 1 2
16 10 2 1
19 7 1 2
20 8 1 2
7 14 2 1
14 7 2 1
20 19 2 1
14 13 2 1
12 19 1 2
7 11 1 2
9 20 2 1
9 7 1 2
15 8 2 1
15 16 1 2
11 8 1 2
10 16 2 1
11 13 2 1
14 16 2 1
13 10 2 1
17 10 1 2
18 19 1 2
9 17 2 1
7 7 2 1
19 12 1 2
18 20 2 1
20 20 2 1
18 11 2 1
17 8 2 1
11 8 1 2
7 8 1 2
7 8 2 1
9 20 2 1
18 18 1 2
7 16 2 1
10 12 1 2
12 15 2 1
17 17 2 1
7 9 1 2
16 9 1 2
20 12 1 2
11 19 1 2
14 20 1 2
20 20 2 1
13 17 2 1
1 1 27 2023
2 2 24 4962
3 2 25 1765
4 2 26 775
5 2 26 5308
6 1 22 1139
7 2 30 1292
8 2 22 1164
9 1 30 239
10 1 28 10
11 1 29 1918
12 1 20 3242
13 2 28 3068
14 1 21 4245
15 2 20 4922
16 1 30 341
