8
200
22 10 1 2
6 27 2 1
8 6 1 2
26 5 1 2
13 7 2 1
28 12 2 1
20 24 1 2
27 25 2 1
25 15 2 1
21 8 2 1
8 29 2 1
23 22 2 1
12 24 1 2
14 28 2 1
27 23 2 1
18 15 1 2
8 27 2 1
28 29 2 1
6 27 1 2
29 17 2 1
18 28 2 1
17 13 2 1
12 23 2 1
24 24 2 1
9 28 1 2
6 27 1 2
21 13 1 2
10 6 1 2
11 16 2 1
27 6 2 1
16 24 2 1
12 19 2 1
17 20 2 1
22 7 1 2
19 22 2 1
19 10 2 1
15 18 1 2
23 8 2 1
14 5 1 2
14 30 2 1
23 12 1 2
17 10 1 2
19 12 2 1
11 28 2 1
6 9 1 2
27 15 2 1
28 7 1 2
9 12 2 1
6 24 1 2
29 15 1 2
26 29 2 1
14 11 1 2
17 27 1 2
20 16 2 1
17 30 1 2
20 26 1 2
18 6 2 1
12 6 1 2
23 15 2 1
30 14 2 1
6 26 1 2
5 27 1 2
30 24 1 2
12 28 1 2
26 23 2 1
10 5 2 1
19 27 2 1
23 6 1 2
30 23 1 2
26 16 2 1
7 17 2 1
9 8 2 1
25 26 2 1
24 26 1 2
7 13 2 1
8 12 2 1
24 23 2 1
7 6 2 1
15 27 1 2
11 8 1 2
12 22 1 2
9 7 1 2
9 25 2 1
25 8 1 2
7 12 1 2
11 16 2 1
19 23 2 1
22 25 1 2
21 5 1 2
27 24 2 1
17 19 2 1
6 29 2 1
27 24 1 2
12 17 2 1
19 26 1 2
16 16 1 2
17 21 2 1
22 18 2 1
14 15 2 1
26 22 1 2
13 22 1 2
25 15 1 2
27 15 2 1
26 23 1 2
8 25 2 1
9 13 2 1
17 12 2 1
14 26 2 1
18 24 1 2
7 7 1 2
20 24 2 1
27 10 1 2
30 19 2 1
28 15 1 2
27 14 1 2
30 26 1 2
12 21 2 1
15 8 2 1
21 10 1 2
18 12 1 2
8 20 2 1
8 30 2 1
13 21 1 2
28 25 1 2
24 13 1 2
11 21 2 1
12 13 1 2
20 25 1 2
24 11 1 2
20 18 1 2
25 6 1 2
30 21 1 2
13 5 1 2
19 20 1 2
30 26 1 2
20 25 2 1
19 29 2 1
11 13 2 1
15 25 1 2
13 10 2 1
6 16 2 1
13 29 2 1
16 25 2 1
13 15 1 2
8 7 1 2
14 15 1 2
27 20 1 2
27 16 1 2
21 13 2 1
10 10 1 2
26 28 1 2
11 21 2 1
23 27 1 2
16 13 1 2
11 25 1 2
8 16 2 1
27 9 1 2
9 11 1 2
28 26 2 1
20 27 1 2
30 13 1 2
25 26 2 1
18 26 1 2
17 15 2 1
16 11 2 1
12 16 2 1
19 29 2 1
23 17 2 1
5 16 1 2
5 9 1 2
8 19 2 1
25 7 1 2
24 29 1 2
10 12 1 2
13 14 2 1
27 5 2 1
27 30 2 1
10 12 1 2
14 30 2 1
10 16 2 1
27 10 2 1
8 7 1 2
22 14 1 2
17 24 1 2
11 16 1 2
24 13 2 1
28 20 1 2
30 27 2 1
30 8 1 2
9 21 2 1
14 20 1 2
6 10 1 2
20 9 2 1
24 16 1 2
13 26 2 1
18 20 1 2
25 6 2 1
7 13 1 2
29 14 2 1
18 28 1 2
1 1 24 7649
2 1 35 4252
3 1 24 1692
4 1 37 4078
5 1 22 561
6 1 22 2795
7 1 20 3252
8 1 35 2477
9 1 31 4706
10 1 39 1105
11 1 31 4163
12 1 34 8119
13 1 31 4921
14 1 30 7042
15 1 40 7828
16 1 25 3217
17 1 39 7355
18 1 26 8410
19 1 22 4199
20 1 34 3606
21 1 39 1402
22 1 21 326
23 1 36 2935
24 1 30 5732
25 1 40 8804
26 1 35 1800
27 1 29 5526
28 1 28 4030
29 1 22 8544
30 1 36 878
31 2 33 1697
32 2 34 726
33 2 22 5763
34 2 34 2145
35 2 28 261
36 2 39 3688
37 2 33 5318
38 2 29 5666
39 2 20 6236
40 2 20 4877
41 2 34 4194
42 2 22 3381
43 2 39 2412
44 2 24 2452
45 2 35 7502
46 2 23 1565
47 2 37 4744
48 2 39 6912
49 2 35 3763
50 2 34 3114
51 2 31 1393
52 2 21 3594
53 2 31 7003
54 2 27 668
55 2 22 3448
56 2 23 4932
57 2 26 3288
58 2 31 354
59 2 20 2824
60 2 35 1834
