9
200
19 18 1 2
13 11 2 1
18 14 2 1
20 15 2 1
11 14 2 1
15 13 2 1
15 16 2 1
10 11 2 1
14 18 2 1
18 10 1 2
14 10 1 2
15 11 2 1
10 11 1 2
17 13 2 1
19 11 1 2
13 15 1 2
16 14 1 2
10 18 1 2
20 10 1 2
14 20 2 1
14 15 1 2
13 12 1 2
10 12 1 2
18 11 2 1
19 13 1 2
15 10 2 1
10 14 1 2
20 13 1 2
17 12 2 1
10 15 2 1
19 12 2 1
16 19 2 1
16 17 1 2
11 18 2 1
19 13 2 1
14 13 1 2
16 14 1 2
16 13 2 1
17 17 1 2
16 12 1 2
13 20 2 1
20 12 1 2
20 10 1 2
16 16 2 1
13 15 1 2
18 14 1 2
16 19 2 1
18 17 2 1
15 15 2 1
19 11 2 1
11 19 2 1
20 19 2 1
19 12 2 1
12 18 2 1
12 18 2 1
19 12 1 2
12 16 2 1
20 18 2 1
18 20 1 2
17 15 2 1
18 20 2 1
13 14 2 1
11 17 1 2
19 15 1 2
20 19 1 2
14 20 1 2
10 16 2 1
13 13 2 1
19 11 1 2
13 11 2 1
19 17 1 2
15 19 1 2
12 13 2 1
16 17 1 2
15 12 2 1
19 12 2 1
13 18 2 1
11 17 1 2
11 20 1 2
18 16 2 1
16 19 2 1
20 16 1 2
12 20 2 1
10 12 2 1
15 19 2 1
16 14 2 1
16 17 2 1
19 14 1 2
18 12 1 2
20 20 2 1
12 17 1 2
13 11 2 1
14 17 2 1
15 12 2 1
13 11 2 1
16 17 2 1
17 17 2 1
20 16 1 2
10 14 2 1
14 19 2 1
10 16 1 2
16 16 2 1
19 19 2 1
14 11 2 1
14 11 1 2
16 16 1 2
15 10 2 1
17 17 2 1
14 10 2 1
11 20 2 1
12 16 1 2
17 14 1 2
18 17 1 2
19 20 2 1
13 14 2 1
11 15 1 2
11 13 1 2
16 11 2 1
13 20 1 2
10 18 1 2
11 20 2 1
10 20 2 1
12 17 1 2
12 13 1 2
20 20 1 2
12 11 2 1
10 10 2 1
11 14 1 2
19 18 1 2
20 12 1 2
20 12 1 2
15 13 2 1
15 20 2 1
17 18 1 2
11 11 2 1
10 18 1 2
13 16 1 2
16 19 1 2
13 10 1 2
13 14 1 2
17 13 2 1
13 12 1 2
15 12 2 1
10 19 1 2
20 13 2 1
16 15 1 2
18 19 2 1
10 20 1 2
20 20 2 1
11 10 2 1
10 20 1 2
20 12 1 2
15 12 2 1
17 11 1 2
10 17 1 2
17 13 2 1
20 14 1 2
18 18 1 2
17 10 1 2
11 18 1 2
15 19 1 2
11 19 2 1
15 11 1 2
20 19 1 2
16 14 1 2
15 18 1 2
19 18 1 2
20 15 1 2
13 14 1 2
13 17 2 1
10 14 1 2
16 12 2 1
18 10 1 2
12 12 1 2
14 11 1 2
19 17 2 1
13 15 2 1
16 12 1 2
11 12 2 1
17 14 1 2
19 12 1 2
15 10 2 1
18 20 2 1
12 18 2 1
18 13 2 1
13 10 2 1
15 10 2 1
13 18 2 1
11 20 1 2
18 16 2 1
18 14 2 1
15 12 1 2
18 18 2 1
17 14 2 1
12 16 1 2
18 13 1 2
17 18 1 2
11 18 1 2
13 15 1 2
11 17 2 1
1 1 33 9652
2 2 32 7766
3 1 35 9822
4 2 30 10263
5 2 36 2348
6 1 33 2412
7 1 34 2685
8 1 31 1767
9 2 40 5180
10 2 34 11113
11 2 39 5091
12 1 40 10494
13 2 39 4227
14 2 37 59
15 1 34 11293
16 1 38 11368
17 1 30 1144
18 1 38 2015
19 1 39 3639
20 2 36 7636
21 2 38 4038
22 1 30 8769
23 2 37 2028
24 2 35 7699
25 2 37 1207
26 1 40 708
27 2 38 8183
28 2 35 3000
29 1 36 10569
30 2 36 7469
31 2 33 5975
32 2 31 8231
33 1 35 2825
34 1 38 8853
35 1 37 12
36 2 38 6963
37 1 33 1566
38 1 37 6620
39 2 35 5706
40 1 30 3599
41 2 34 5257
42 1 30 1461
43 2 32 1148
44 1 39 9322
45 2 31 9721
46 1 33 6262
47 1 31 4879
48 1 30 7587
49 2 34 6398
50 2 36 7130
51 1 32 7689
52 1 33 5592
53 1 32 1722
54 1 39 7509
55 2 36 2811
56 1 39 3416
57 1 35 9095
58 2 32 9105
59 2 40 11384
60 2 33 6917
