60
1 15 2 1
18 12 1 2
20 9 2 1
19 6 1 2
3 20 2 1
19 16 1 2
18 13 1 2
19 4 2 1
3 13 2 1
6 3 1 2
13 17 1 2
2 14 2 1
14 12 1 2
19 9 1 2
17 10 2 1
5 3 2 1
15 19 1 2
20 16 2 1
6 3 1 2
6 12 2 1
20 2 1 2
4 20 2 1
3 4 2 1
5 2 1 2
20 13 2 1
2 15 1 2
7 18 1 2
4 11 2 1
15 19 1 2
13 19 1 2
15 8 2 1
2 7 1 2
6 10 1 2
15 10 2 1
18 18 1 2
18 16 2 1
18 20 1 2
5 14 2 1
9 7 2 1
8 16 1 2
19 6 2 1
9 5 1 2
2 8 2 1
4 10 1 2
16 16 2 1
18 3 2 1
13 7 2 1
10 2 2 1
18 1 2 1
7 9 1 2
4 20 1 2
17 9 1 2
1 11 2 1
17 9 1 2
3 11 1 2
15 5 1 2
6 5 1 2
15 4 2 1
6 10 2 1
5 17 2 1
1 1 27 6
2 1 30 586
3 1 25 78
4 1 25 457
5 1 29 130
6 1 28 337
7 1 29 174
8 1 25 215
9 1 22 381
10 1 25 311
11 1 30 278
12 1 26 513
13 2 28 332
14 2 26 21
15 2 29 223
16 2 24 431
17 2 22 624
18 2 20 572
19 2 25 193
20 2 20 457
21 2 24 122
22 2 28 262
23 2 23 86
24 2 29 478
