60
5 17 2 1
4 6 1 2
16 11 1 2
10 17 1 2
3 14 2 1
11 19 1 2
18 14 1 2
20 10 1 2
10 7 1 2
16 13 2 1
17 20 2 1
6 18 2 1
4 10 1 2
17 16 2 1
13 12 1 2
16 15 1 2
13 19 2 1
11 7 1 2
14 20 1 2
16 17 1 2
17 1 1 2
14 4 1 2
7 3 2 1
6 3 2 1
9 1 1 2
20 2 1 2
17 5 1 2
15 2 1 2
16 18 2 1
14 17 1 2
13 10 1 2
16 4 2 1
16 5 1 2
11 17 2 1
2 3 2 1
18 7 2 1
7 12 2 1
2 17 1 2
16 2 1 2
8 10 2 1
17 16 1 2
11 4 1 2
14 12 2 1
3 4 1 2
11 11 2 1
5 10 2 1
13 20 2 1
9 11 1 2
17 10 1 2
7 11 1 2
18 13 1 2
12 15 1 2
16 20 1 2
12 8 2 1
5 13 2 1
12 7 2 1
2 19 1 2
15 11 1 2
6 16 1 2
4 19 2 1
1 1 25 651
2 1 25 320
3 1 27 678
4 1 22 209
5 1 29 407
6 1 25 370
7 1 21 90
8 1 25 147
9 1 21 559
10 1 29 56
11 1 21 508
12 1 26 482
13 2 23 47
14 2 27 412
15 2 26 534
16 2 29 372
17 2 23 72
18 2 30 318
19 2 24 504
20 2 27 241
21 2 22 115
22 2 26 583
23 2 20 205
24 2 25 0
