60
34 93 2 1
43 11 2 1
44 84 1 2
11 71 1 2
74 38 2 1
48 47 2 1
36 2 2 1
63 99 2 1
25 62 1 2
37 23 1 2
16 1 1 2
51 84 2 1
71 86 2 1
96 55 2 1
22 25 2 1
72 64 2 1
20 69 1 2
80 92 1 2
39 64 2 1
52 49 1 2
95 97 2 1
82 10 1 2
97 26 2 1
89 2 1 2
44 70 1 2
11 70 2 1
74 52 2 1
24 40 1 2
41 42 2 1
46 10 2 1
63 11 1 2
20 44 2 1
30 1 2 1
40 95 2 1
87 52 1 2
47 63 1 2
79 5 2 1
1 50 1 2
9 18 2 1
4 7 2 1
43 56 2 1
37 50 2 1
80 86 1 2
92 36 1 2
18 54 1 2
63 88 1 2
46 45 2 1
61 50 1 2
74 12 2 1
9 77 2 1
67 55 1 2
10 13 1 2
22 82 2 1
32 21 2 1
47 76 2 1
72 81 1 2
31 68 2 1
41 37 1 2
65 56 1 2
13 16 1 2
1 1 30 1086
2 1 21 968
3 1 21 129
4 1 26 466
5 1 26 1991
6 1 29 2695
7 1 30 1654
8 1 24 606
9 1 24 1284
10 1 21 1766
11 1 27 509
12 1 30 647
13 2 28 2595
14 2 22 1713
15 2 20 2463
16 2 27 591
17 2 20 686
18 2 25 1950
19 2 27 2166
20 2 25 1300
21 2 22 241
22 2 26 2649
23 2 29 720
24 2 30 1171
