60
40 47 1 2
11 8 1 2
12 46 1 2
84 47 2 1
34 90 2 1
100 81 2 1
8 7 2 1
84 65 2 1
78 72 2 1
8 38 1 2
39 37 2 1
20 87 1 2
79 10 2 1
20 76 2 1
16 23 1 2
4 71 1 2
42 9 2 1
99 71 1 2
73 87 1 2
31 64 2 1
69 63 2 1
54 49 2 1
46 41 1 2
100 85 1 2
52 21 1 2
34 25 1 2
65 24 1 2
49 76 2 1
18 22 1 2
19 16 2 1
20 17 1 2
35 96 1 2
7 27 2 1
50 27 1 2
25 97 2 1
49 20 1 2
77 75 2 1
53 73 1 2
28 99 1 2
7 42 1 2
61 89 1 2
98 46 2 1
11 41 2 1
69 63 1 2
56 5 1 2
37 16 2 1
26 66 2 1
84 23 2 1
42 24 2 1
50 34 1 2
83 68 1 2
32 47 2 1
41 35 1 2
75 79 1 2
1 63 1 2
68 22 2 1
26 49 2 1
18 77 2 1
65 86 2 1
22 37 2 1
1 1 30 1723
2 1 27 936
3 1 21 2509
4 1 21 618
5 1 29 1978
6 1 27 1452
7 1 30 540
8 1 24 1119
9 1 27 2018
10 1 29 671
11 1 24 732
12 1 24 1886
13 2 25 1711
14 2 28 797
15 2 27 439
16 2 27 1423
17 2 25 532
18 2 20 509
19 2 29 2430
20 2 27 190
21 2 22 1147
22 2 29 1480
23 2 21 1058
24 2 23 2006
