60
64 24 1 2
36 15 2 1
80 84 1 2
47 45 1 2
92 92 2 1
37 2 2 1
95 59 2 1
92 24 1 2
24 2 1 2
53 24 2 1
76 84 2 1
38 22 2 1
36 24 1 2
56 27 1 2
12 86 2 1
28 31 1 2
45 7 2 1
81 26 1 2
33 73 2 1
17 13 1 2
84 79 1 2
15 23 1 2
2 74 2 1
33 40 1 2
57 59 2 1
48 13 1 2
95 34 1 2
63 18 2 1
16 63 1 2
99 29 2 1
75 65 2 1
27 94 2 1
7 98 1 2
32 71 1 2
96 41 1 2
61 34 2 1
74 2 2 1
20 11 2 1
14 48 1 2
33 6 2 1
84 62 1 2
5 65 2 1
14 98 1 2
33 24 1 2
32 95 2 1
71 34 2 1
52 47 2 1
40 73 2 1
79 22 2 1
72 45 2 1
3 84 1 2
21 6 2 1
18 29 1 2
1 57 1 2
25 79 1 2
16 31 2 1
34 7 2 1
22 87 2 1
39 4 2 1
78 6 1 2
1 1 25 938
2 1 30 2170
3 1 30 895
4 1 21 1309
5 1 27 823
6 1 29 1587
7 1 20 234
8 1 29 1361
9 1 24 1425
10 1 27 1498
11 1 24 1082
12 1 22 2074
13 2 27 394
14 2 24 1939
15 2 25 1351
16 2 24 558
17 2 26 1322
18 2 30 939
19 2 22 510
20 2 21 2173
21 2 20 2051
22 2 24 1884
23 2 27 2563
24 2 23 862
