60
74 82 1 2
26 53 2 1
48 47 1 2
96 94 2 1
7 90 1 2
63 54 1 2
70 61 1 2
42 4 1 2
5 46 2 1
73 82 2 1
84 62 2 1
81 1 1 2
15 30 2 1
34 33 1 2
59 46 2 1
92 27 1 2
42 8 1 2
1 77 2 1
89 88 1 2
100 57 1 2
66 36 2 1
19 54 2 1
96 64 2 1
86 56 1 2
46 38 1 2
68 56 1 2
99 58 2 1
60 56 2 1
15 73 1 2
76 98 2 1
85 27 2 1
54 77 1 2
58 94 2 1
39 13 2 1
74 88 1 2
86 48 1 2
33 80 1 2
60 83 2 1
49 86 1 2
58 89 1 2
93 78 1 2
34 97 2 1
84 37 1 2
24 51 1 2
49 66 2 1
71 26 2 1
38 12 2 1
3 82 2 1
74 94 1 2
82 33 2 1
79 31 1 2
5 35 1 2
45 85 1 2
67 93 1 2
23 34 1 2
40 65 1 2
84 63 2 1
97 58 2 1
73 58 1 2
21 64 2 1
1 1 29 375
2 1 29 2970
3 1 26 3458
4 1 22 2039
5 1 24 2839
6 1 27 1562
7 1 22 1751
8 1 27 2934
9 1 21 1840
10 1 25 2894
11 1 26 2566
12 1 24 2258
13 2 21 632
14 2 28 259
15 2 22 487
16 2 26 2610
17 2 25 2290
18 2 22 3232
19 2 28 1763
20 2 24 1121
21 2 26 2247
22 2 23 335
23 2 28 3336
24 2 24 523
