60
23 73 2 1
26 26 2 1
90 22 2 1
94 50 2 1
74 99 2 1
49 86 2 1
9 98 1 2
36 77 2 1
69 68 1 2
10 11 1 2
13 31 1 2
1 82 2 1
77 76 2 1
13 24 1 2
56 91 1 2
24 52 2 1
10 71 1 2
58 1 2 1
87 9 2 1
13 91 1 2
4 3 1 2
69 76 1 2
36 36 2 1
17 20 2 1
81 88 2 1
68 45 1 2
25 66 1 2
48 47 2 1
89 87 2 1
30 78 2 1
88 75 1 2
2 9 1 2
86 60 2 1
91 19 2 1
91 89 2 1
36 23 2 1
43 46 1 2
60 12 2 1
57 95 2 1
54 7 2 1
99 100 1 2
16 22 1 2
72 14 2 1
56 94 2 1
94 38 1 2
59 74 1 2
48 26 2 1
98 49 2 1
83 30 2 1
19 84 2 1
88 48 2 1
48 100 2 1
91 8 2 1
25 82 1 2
85 90 1 2
39 24 2 1
53 67 2 1
65 96 2 1
52 48 2 1
100 77 1 2
1 1 24 376
2 1 28 1187
3 1 26 748
4 1 20 2749
5 1 24 491
6 1 20 2291
7 1 28 1304
8 1 30 132
9 1 20 1142
10 1 30 2786
11 1 22 2921
12 1 28 1517
13 2 29 1937
14 2 29 53
15 2 25 3315
16 2 23 1875
17 2 28 3188
18 2 23 3006
19 2 25 1411
20 2 29 1289
21 2 27 198
22 2 21 522
23 2 22 2336
24 2 26 1046
