60
84 6 1 2
25 35 1 2
7 95 2 1
73 87 1 2
84 18 2 1
23 86 2 1
61 94 1 2
71 19 1 2
23 9 2 1
40 4 2 1
21 51 1 2
66 85 1 2
95 28 1 2
16 10 1 2
54 61 1 2
15 73 1 2
24 85 2 1
87 22 1 2
69 96 2 1
6 31 2 1
53 80 2 1
95 58 2 1
70 20 2 1
18 49 1 2
31 26 1 2
53 21 2 1
23 37 2 1
91 49 2 1
22 58 2 1
37 18 1 2
15 77 2 1
87 52 2 1
65 20 2 1
46 89 1 2
97 33 1 2
3 4 2 1
20 90 2 1
22 64 2 1
9 81 1 2
23 46 1 2
100 7 2 1
88 14 2 1
6 79 2 1
55 32 2 1
44 50 2 1
83 73 2 1
20 72 1 2
44 61 1 2
22 3 1 2
87 45 2 1
10 40 1 2
99 9 2 1
36 97 2 1
86 23 2 1
44 56 2 1
44 3 2 1
68 48 2 1
76 12 2 1
12 62 2 1
98 52 2 1
1 1 30 847
2 1 21 685
3 1 21 1434
4 1 30 338
5 1 28 80
6 1 26 312
7 1 24 2288
8 1 21 2352
9 1 21 2188
10 1 25 1083
11 1 30 1469
12 1 27 1966
13 2 21 1745
14 2 23 1229
15 2 29 2758
16 2 29 876
17 2 21 1475
18 2 25 2559
19 2 22 275
20 2 29 323
21 2 29 2409
22 2 28 953
23 2 29 93
24 2 30 1994
