60
82 82 2 1
100 33 1 2
80 16 2 1
90 60 2 1
22 7 1 2
55 38 2 1
1 6 1 2
29 4 1 2
65 28 2 1
2 95 1 2
77 86 1 2
13 62 2 1
7 74 1 2
39 45 2 1
20 79 1 2
91 93 1 2
58 50 1 2
42 58 2 1
45 31 2 1
40 66 1 2
17 33 2 1
62 64 1 2
92 30 2 1
52 48 1 2
24 83 2 1
64 56 2 1
93 60 1 2
75 2 1 2
2 79 1 2
47 72 2 1
32 40 1 2
2 63 2 1
43 85 1 2
19 97 2 1
26 54 2 1
34 38 1 2
28 68 2 1
89 100 2 1
83 86 2 1
73 22 2 1
72 47 2 1
43 64 2 1
9 15 2 1
33 23 2 1
9 84 2 1
93 93 1 2
72 11 1 2
74 86 1 2
30 94 1 2
3 84 2 1
26 76 1 2
54 26 1 2
89 64 1 2
24 49 1 2
69 51 2 1
47 88 1 2
24 18 1 2
91 84 1 2
75 66 1 2
88 64 1 2
1 1 20 2625
2 1 24 104
3 1 28 759
4 1 28 628
5 1 25 2167
6 1 24 888
7 1 27 2580
8 1 24 689
9 1 27 2704
10 1 21 392
11 1 22 182
12 1 26 1496
13 2 30 2719
14 2 20 515
15 2 27 1591
16 2 28 283
17 2 24 2799
18 2 21 195
19 2 30 1076
20 2 22 1293
21 2 23 745
22 2 25 933
23 2 28 1791
24 2 20 1531
