60
9 60 2 1
94 73 2 1
76 61 1 2
45 53 1 2
46 79 1 2
72 62 2 1
76 36 1 2
43 42 2 1
6 54 2 1
54 45 2 1
19 89 1 2
39 39 2 1
71 93 1 2
27 77 1 2
83 30 2 1
13 26 2 1
54 33 2 1
96 16 1 2
72 57 2 1
23 19 1 2
51 89 1 2
32 34 1 2
5 36 1 2
17 19 1 2
47 57 1 2
99 79 2 1
52 60 1 2
51 2 1 2
15 78 2 1
95 68 1 2
13 33 1 2
91 85 1 2
62 8 1 2
39 45 2 1
90 26 2 1
46 49 2 1
58 7 2 1
96 45 1 2
41 84 2 1
40 76 1 2
16 34 2 1
17 40 1 2
93 7 1 2
78 21 2 1
58 8 2 1
79 53 1 2
81 82 2 1
73 90 1 2
25 29 2 1
88 86 2 1
13 67 2 1
52 95 1 2
47 7 2 1
47 40 1 2
34 50 2 1
31 30 2 1
17 64 1 2
20 2 1 2
25 3 1 2
41 10 1 2
1 1 24 2138
2 1 26 584
3 1 20 1667
4 1 23 2543
5 1 28 1290
6 1 27 198
7 1 29 311
8 1 21 2044
9 1 21 531
10 1 22 1483
11 1 25 1576
12 1 22 2718
13 2 27 126
14 2 27 1701
15 2 20 533
16 2 30 1305
17 2 21 426
18 2 22 458
19 2 24 2878
20 2 28 1041
21 2 24 1177
22 2 26 616
23 2 23 1375
24 2 20 2846
