60
81 52 1 2
60 40 2 1
3 90 1 2
28 73 1 2
56 89 2 1
59 100 2 1
19 32 1 2
1 60 1 2
33 44 1 2
100 66 1 2
64 92 2 1
71 69 2 1
84 6 1 2
50 23 2 1
37 13 2 1
70 94 1 2
53 29 1 2
84 4 2 1
86 93 2 1
49 90 1 2
54 91 2 1
32 66 2 1
60 94 1 2
6 47 1 2
41 57 1 2
59 2 2 1
10 45 2 1
42 98 2 1
45 20 2 1
97 71 2 1
10 74 2 1
11 51 1 2
99 35 2 1
18 90 1 2
12 20 2 1
62 5 1 2
80 61 2 1
5 22 2 1
9 27 2 1
29 22 2 1
38 61 1 2
69 60 1 2
11 3 2 1
64 67 2 1
3 58 2 1
46 81 2 1
74 23 1 2
34 7 1 2
21 83 2 1
85 86 2 1
59 18 2 1
7 78 2 1
75 51 1 2
19 15 1 2
57 85 1 2
88 64 2 1
58 1 1 2
74 95 2 1
48 90 1 2
59 18 2 1
1 1 28 7
2 1 23 1415
3 1 26 1893
4 1 23 2839
5 1 22 1796
6 1 23 1117
7 1 24 1239
8 1 21 1049
9 1 21 2082
10 1 26 250
11 1 22 80
12 1 29 2433
13 2 26 263
14 2 20 2050
15 2 28 1654
16 2 22 886
17 2 22 2885
18 2 20 2385
19 2 26 609
20 2 28 361
21 2 26 2088
22 2 27 557
23 2 22 1815
24 2 28 51
