60
12 11 1 2
17 2 2 1
6 18 2 1
19 19 2 1
9 10 1 2
14 20 1 2
11 7 1 2
9 15 2 1
16 18 1 2
13 15 1 2
8 8 2 1
8 12 1 2
4 4 2 1
11 19 2 1
13 11 1 2
7 11 1 2
10 4 2 1
14 13 1 2
3 18 1 2
9 10 2 1
19 12 2 1
4 18 2 1
15 2 2 1
1 3 2 1
6 10 1 2
14 8 2 1
10 12 1 2
17 8 2 1
13 5 2 1
14 20 1 2
18 17 2 1
5 11 1 2
17 12 1 2
5 8 1 2
4 12 1 2
18 19 1 2
11 16 2 1
12 14 2 1
19 19 1 2
7 14 1 2
1 7 1 2
13 4 2 1
8 18 2 1
3 7 1 2
12 4 2 1
17 18 2 1
11 8 2 1
16 17 1 2
7 17 1 2
12 5 1 2
13 10 1 2
2 13 2 1
12 20 2 1
1 2 2 1
15 10 2 1
19 13 1 2
6 14 2 1
19 6 1 2
2 7 2 1
17 2 2 1
1 1 25 544
2 1 26 179
3 1 25 343
4 1 26 381
5 1 29 580
6 1 29 40
7 1 26 224
8 1 28 437
9 1 25 126
10 1 29 8
11 1 23 275
12 1 26 470
13 2 30 326
14 2 21 238
15 2 24 594
16 2 20 118
17 2 25 438
18 2 24 267
19 2 27 144
20 2 22 632
21 2 24 661
22 2 24 78
23 2 29 510
24 2 26 551
