60
86 33 2 1
80 75 2 1
62 10 1 2
53 65 2 1
26 74 1 2
6 48 2 1
60 20 1 2
88 32 1 2
20 21 1 2
64 44 2 1
3 55 2 1
99 27 2 1
46 77 2 1
19 86 1 2
12 63 1 2
49 45 2 1
23 78 2 1
30 67 1 2
24 10 1 2
66 29 1 2
89 68 2 1
24 78 2 1
14 45 2 1
60 92 1 2
70 88 2 1
4 82 1 2
18 90 1 2
28 19 2 1
67 5 1 2
10 69 2 1
53 65 2 1
38 22 2 1
99 65 2 1
65 40 2 1
62 89 2 1
30 9 2 1
78 56 1 2
8 15 2 1
100 47 1 2
21 53 1 2
95 44 1 2
16 34 2 1
25 45 2 1
10 68 2 1
67 82 1 2
98 40 2 1
78 70 1 2
32 5 2 1
7 13 1 2
38 68 1 2
5 50 2 1
6 14 2 1
82 76 1 2
56 33 1 2
16 48 2 1
76 24 2 1
43 89 1 2
83 7 2 1
55 49 2 1
10 57 1 2
1 1 24 2226
2 1 26 1445
3 1 29 161
4 1 30 1674
5 1 30 1778
6 1 22 2286
7 1 27 1958
8 1 29 1069
9 1 30 2358
10 1 21 368
11 1 27 1482
12 1 24 1406
13 2 21 802
14 2 25 546
15 2 23 1527
16 2 25 441
17 2 22 2577
18 2 28 836
19 2 27 2806
20 2 23 2063
21 2 27 15
22 2 24 910
23 2 29 309
24 2 27 1918
