60
56 133 2 1
68 58 2 1
124 117 1 2
69 86 2 1
131 117 1 2
99 103 1 2
148 127 2 1
143 107 2 1
94 54 1 2
82 79 1 2
123 134 2 1
98 144 1 2
107 145 2 1
54 111 2 1
52 58 1 2
123 70 1 2
121 86 2 1
90 53 1 2
53 142 1 2
141 59 1 2
137 144 2 1
104 54 2 1
51 114 2 1
83 75 1 2
77 84 1 2
111 90 1 2
117 71 1 2
147 115 1 2
134 53 1 2
73 147 1 2
112 124 1 2
69 140 1 2
56 127 2 1
58 75 1 2
122 90 2 1
60 109 1 2
84 143 1 2
80 120 1 2
114 61 2 1
55 130 1 2
96 58 2 1
127 142 2 1
63 79 2 1
119 84 2 1
55 82 1 2
149 50 2 1
65 141 1 2
60 146 1 2
109 129 1 2
120 95 1 2
55 87 1 2
113 62 1 2
136 136 1 2
57 74 2 1
70 145 1 2
50 91 1 2
121 80 2 1
50 130 1 2
135 87 2 1
86 85 1 2
1 1 23 2175
2 1 26 2782
3 1 25 3870
4 1 23 4953
5 1 22 4511
6 1 20 4306
7 1 20 4076
8 1 20 3522
9 1 27 2148
10 1 21 4275
11 1 22 3745
12 1 22 514
13 2 27 1716
14 2 23 5235
15 2 21 276
16 2 24 3134
17 2 25 1618
18 2 27 4301
19 2 20 5486
20 2 21 114
21 2 21 5724
22 2 25 4373
23 2 22 1368
24 2 27 4248
