60
82 139 2 1
144 88 2 1
59 149 2 1
146 100 1 2
81 127 1 2
115 125 1 2
76 120 1 2
115 110 1 2
101 76 2 1
108 99 1 2
78 69 1 2
84 91 1 2
102 92 2 1
50 59 1 2
106 105 1 2
101 143 1 2
131 71 2 1
133 64 1 2
61 59 1 2
68 88 2 1
110 75 2 1
141 64 2 1
106 72 1 2
85 67 2 1
149 97 2 1
132 123 2 1
127 136 1 2
106 109 1 2
122 102 2 1
105 93 2 1
53 143 2 1
82 76 1 2
122 92 2 1
112 126 1 2
79 135 2 1
97 70 1 2
60 87 2 1
97 70 1 2
111 136 1 2
76 81 1 2
56 116 2 1
56 88 1 2
79 98 2 1
134 133 1 2
50 143 2 1
106 64 2 1
150 129 1 2
142 143 1 2
114 106 2 1
70 51 1 2
92 66 1 2
122 87 2 1
136 126 1 2
108 90 1 2
100 79 2 1
118 110 1 2
134 103 2 1
114 107 1 2
149 88 2 1
114 142 2 1
1 1 25 3705
2 1 23 5271
3 1 22 3097
4 1 30 2927
5 1 27 2163
6 1 30 1643
7 1 29 5239
8 1 21 3590
9 1 21 3797
10 1 27 1308
11 1 27 3382
12 1 26 3748
13 2 22 2368
14 2 27 2542
15 2 28 5039
16 2 23 3432
17 2 24 2741
18 2 29 2113
19 2 21 3568
20 2 22 5581
21 2 22 5363
22 2 26 1016
23 2 27 3754
24 2 22 4611
