60
118 71 1 2
114 88 1 2
108 99 1 2
118 91 2 1
68 94 1 2
76 61 2 1
135 140 2 1
135 113 1 2
50 127 1 2
68 144 2 1
76 139 2 1
100 103 2 1
73 75 2 1
129 143 1 2
75 53 2 1
94 88 2 1
77 69 1 2
113 76 1 2
98 112 2 1
93 150 2 1
80 113 2 1
133 91 2 1
139 110 2 1
74 64 2 1
147 140 1 2
132 138 2 1
91 58 2 1
118 144 2 1
101 54 1 2
76 74 1 2
97 101 1 2
54 146 1 2
80 115 2 1
95 97 2 1
118 139 2 1
130 52 2 1
62 65 2 1
85 50 2 1
129 56 1 2
145 55 1 2
78 131 1 2
105 150 1 2
82 55 2 1
140 61 2 1
100 104 2 1
68 66 2 1
116 117 1 2
50 91 2 1
69 87 1 2
60 149 1 2
69 99 1 2
113 133 2 1
52 76 2 1
79 120 1 2
147 99 1 2
77 75 2 1
103 76 1 2
56 125 2 1
54 63 2 1
87 90 2 1
1 1 29 5677
2 1 25 2221
3 1 28 2106
4 1 20 4825
5 1 20 727
6 1 27 494
7 1 21 414
8 1 23 2645
9 1 23 4948
10 1 22 1368
11 1 28 4383
12 1 21 1997
13 2 25 2286
14 2 26 5555
15 2 30 2466
16 2 23 3526
17 2 28 652
18 2 22 1614
19 2 29 3868
20 2 28 3399
21 2 25 4322
22 2 21 4055
23 2 21 2201
24 2 21 736
