60
99 114 2 1
96 68 1 2
126 116 2 1
96 127 1 2
57 65 1 2
53 135 1 2
121 54 1 2
106 86 2 1
121 127 1 2
146 96 2 1
93 138 2 1
138 93 2 1
78 121 2 1
131 71 2 1
71 134 2 1
148 84 1 2
123 73 2 1
137 113 2 1
143 88 2 1
82 78 2 1
76 121 1 2
146 120 2 1
128 101 1 2
105 70 2 1
60 82 2 1
133 124 2 1
95 149 1 2
137 90 2 1
118 100 2 1
120 54 1 2
149 134 2 1
95 131 1 2
108 147 1 2
138 131 2 1
146 69 1 2
81 68 1 2
119 63 1 2
149 139 1 2
135 78 2 1
150 87 2 1
91 62 2 1
74 149 1 2
56 58 1 2
142 140 2 1
70 121 2 1
117 104 2 1
109 72 2 1
114 103 2 1
91 72 1 2
84 106 2 1
107 121 2 1
79 86 2 1
127 52 2 1
133 146 2 1
137 99 1 2
74 53 1 2
128 115 2 1
145 146 2 1
86 98 2 1
84 100 1 2
1 1 26 4357
2 1 21 4085
3 1 27 1853
4 1 26 3858
5 1 27 1599
6 1 22 4729
7 1 20 4979
8 1 30 2644
9 1 22 3812
10 1 24 2340
11 1 30 3286
12 1 27 1233
13 2 21 1145
14 2 23 3913
15 2 24 5555
16 2 30 2530
17 2 30 626
18 2 22 5900
19 2 27 2494
20 2 21 659
21 2 26 3783
22 2 27 4689
23 2 21 361
24 2 23 5740
