60
122 110 2 1
113 96 2 1
77 69 2 1
84 130 2 1
92 134 1 2
146 122 2 1
127 120 2 1
137 113 1 2
77 135 1 2
123 144 1 2
84 114 2 1
146 147 1 2
95 117 1 2
122 117 2 1
147 145 2 1
64 138 2 1
136 124 2 1
89 82 2 1
122 67 2 1
123 150 2 1
97 109 1 2
102 150 1 2
85 88 2 1
50 96 1 2
126 72 2 1
78 91 2 1
91 93 1 2
64 70 1 2
63 87 2 1
139 88 2 1
64 90 2 1
101 95 2 1
52 142 1 2
56 113 1 2
123 59 2 1
79 60 1 2
127 55 2 1
57 146 1 2
118 134 1 2
137 63 2 1
146 100 1 2
129 60 1 2
122 66 2 1
85 149 2 1
109 56 1 2
109 73 2 1
69 82 1 2
95 125 2 1
137 130 2 1
142 87 1 2
142 53 2 1
78 90 1 2
147 136 1 2
146 55 2 1
140 106 2 1
124 62 1 2
73 118 2 1
79 101 1 2
69 83 1 2
68 85 1 2
1 1 30 565
2 1 28 5522
3 1 22 2528
4 1 22 2647
5 1 24 4387
6 1 21 1681
7 1 29 3351
8 1 20 1110
9 1 22 4027
10 1 26 5301
11 1 22 3058
12 1 24 867
13 2 25 1406
14 2 22 6395
15 2 26 4095
16 2 28 2597
17 2 23 5195
18 2 20 1673
19 2 27 5073
20 2 27 830
21 2 25 2913
22 2 28 4424
23 2 22 181
24 2 22 286
