60
63 134 1 2
65 92 2 1
57 71 1 2
147 91 1 2
93 87 2 1
82 110 2 1
88 84 1 2
79 54 2 1
122 77 1 2
143 127 2 1
106 97 1 2
58 102 1 2
129 143 2 1
134 55 2 1
118 119 1 2
141 112 1 2
137 86 2 1
97 54 2 1
102 99 2 1
54 146 2 1
97 130 2 1
126 128 2 1
119 75 2 1
108 133 2 1
101 117 1 2
130 136 2 1
94 137 2 1
145 113 2 1
117 66 1 2
139 111 1 2
94 56 2 1
99 57 2 1
90 99 2 1
115 85 2 1
145 53 1 2
140 86 1 2
101 53 1 2
107 106 2 1
61 84 2 1
132 129 2 1
87 74 1 2
79 112 2 1
57 60 2 1
83 126 1 2
132 150 2 1
56 82 2 1
99 80 1 2
89 72 1 2
53 129 2 1
66 79 2 1
141 59 1 2
74 50 2 1
96 89 2 1
52 59 2 1
136 134 1 2
55 73 1 2
104 54 1 2
137 133 1 2
73 138 2 1
75 96 2 1
1 1 22 1498
2 1 30 2984
3 1 23 2086
4 1 29 5761
5 1 29 1091
6 1 29 1786
7 1 21 5497
8 1 29 2157
9 1 22 3164
10 1 24 2277
11 1 21 1625
12 1 25 2842
13 2 25 1132
14 2 24 2083
15 2 28 4207
16 2 30 3310
17 2 27 1942
18 2 24 1284
19 2 24 1730
20 2 23 2963
21 2 30 707
22 2 29 3019
23 2 30 5483
24 2 23 2455
