60
88 114 1 2
124 50 1 2
134 56 2 1
82 93 2 1
83 56 2 1
95 144 1 2
105 108 2 1
148 56 1 2
115 96 1 2
149 143 1 2
54 81 1 2
144 71 2 1
112 120 2 1
121 67 2 1
145 72 2 1
131 81 1 2
146 111 1 2
112 68 1 2
88 125 1 2
115 92 1 2
62 103 1 2
149 107 1 2
56 61 2 1
93 103 1 2
116 95 2 1
131 135 2 1
131 124 2 1
75 95 1 2
149 82 2 1
71 77 2 1
57 113 1 2
113 65 2 1
148 60 2 1
79 149 2 1
148 141 1 2
118 79 1 2
140 97 2 1
50 109 2 1
140 64 2 1
138 59 1 2
54 138 1 2
66 129 1 2
134 85 1 2
130 54 1 2
99 132 1 2
92 71 1 2
67 94 2 1
78 109 1 2
106 126 2 1
143 126 2 1
88 126 1 2
56 138 2 1
67 140 2 1
138 116 1 2
50 82 2 1
84 60 1 2
139 75 2 1
70 71 2 1
88 99 2 1
82 142 1 2
1 1 28 3570
2 1 28 298
3 1 20 4513
4 1 23 3496
5 1 25 54
6 1 20 5893
7 1 27 100
8 1 26 5230
9 1 25 1780
10 1 23 3521
11 1 30 1073
12 1 27 5855
13 2 20 2989
14 2 27 5691
15 2 28 5192
16 2 26 4861
17 2 28 5797
18 2 22 13
19 2 23 3678
20 2 25 4659
21 2 27 395
22 2 28 4387
23 2 30 2351
24 2 23 1006
