60
129 106 1 2
111 122 1 2
147 128 2 1
78 82 1 2
66 124 1 2
94 129 1 2
149 109 1 2
119 77 1 2
110 145 1 2
145 145 1 2
136 64 1 2
145 56 1 2
83 66 2 1
92 125 2 1
63 117 2 1
148 144 1 2
136 72 2 1
59 135 2 1
132 74 2 1
115 81 1 2
73 146 2 1
119 85 1 2
68 147 2 1
107 101 1 2
141 102 2 1
87 129 1 2
127 142 2 1
90 124 2 1
69 105 2 1
110 105 1 2
131 100 1 2
60 148 1 2
147 106 2 1
104 82 2 1
72 97 1 2
143 63 2 1
53 70 2 1
87 128 1 2
69 107 2 1
137 126 1 2
70 135 2 1
79 102 1 2
143 64 2 1
92 101 2 1
106 124 1 2
60 116 2 1
93 148 1 2
115 137 2 1
134 119 1 2
80 76 2 1
107 105 2 1
102 81 1 2
69 125 2 1
132 62 2 1
92 90 1 2
111 104 1 2
87 138 1 2
76 111 1 2
131 145 2 1
123 51 1 2
1 1 23 3532
2 1 30 2306
3 1 30 1212
4 1 21 2070
5 1 20 4075
6 1 28 2901
7 1 22 2095
8 1 20 3688
9 1 28 2611
10 1 28 5578
11 1 25 5198
12 1 27 3204
13 2 20 5447
14 2 27 5561
15 2 21 4898
16 2 26 2002
17 2 26 237
18 2 23 4460
19 2 25 3327
20 2 26 4041
21 2 23 5492
22 2 22 5270
23 2 20 3927
24 2 24 1146
