60
146 103 2 1
109 92 2 1
125 107 1 2
130 110 1 2
86 143 1 2
58 80 1 2
108 87 1 2
143 101 2 1
137 137 2 1
77 97 1 2
68 120 1 2
125 85 1 2
133 74 2 1
130 53 2 1
122 68 1 2
71 144 1 2
77 79 2 1
99 149 1 2
71 140 2 1
101 150 1 2
79 51 2 1
85 140 1 2
135 65 2 1
70 70 1 2
129 105 2 1
50 112 2 1
97 129 2 1
108 130 1 2
62 82 1 2
51 60 2 1
98 116 1 2
80 101 1 2
109 113 2 1
79 78 1 2
129 130 1 2
109 132 2 1
144 128 1 2
109 104 2 1
121 50 2 1
65 96 2 1
143 83 2 1
50 83 2 1
128 94 1 2
56 56 2 1
141 105 1 2
81 66 2 1
142 61 1 2
128 89 2 1
104 85 2 1
107 52 1 2
102 58 1 2
65 147 2 1
134 79 2 1
145 138 2 1
146 119 1 2
114 61 2 1
124 97 1 2
72 90 2 1
107 135 2 1
75 78 1 2
1 1 25 93
2 1 24 1480
3 1 28 3119
4 1 25 4944
5 1 20 3844
6 1 26 3470
7 1 20 3679
8 1 21 3964
9 1 30 4339
10 1 30 3247
11 1 30 3722
12 1 24 987
13 2 26 1609
14 2 30 2664
15 2 27 4871
16 2 30 2242
17 2 28 5344
18 2 29 2070
19 2 25 2477
20 2 20 382
21 2 23 5499
22 2 23 5970
23 2 29 334
24 2 30 5017
