60
18 2 2 1
5 13 2 1
18 4 1 2
3 12 2 1
14 19 1 2
13 7 1 2
13 6 1 2
13 14 1 2
13 13 2 1
5 8 2 1
13 9 1 2
1 20 2 1
1 20 1 2
4 4 2 1
12 11 2 1
20 13 1 2
18 9 1 2
16 2 2 1
9 9 2 1
17 19 2 1
9 4 1 2
19 18 2 1
16 14 1 2
13 6 2 1
1 9 2 1
1 15 2 1
6 9 2 1
16 15 2 1
1 13 1 2
13 16 1 2
19 6 1 2
12 5 2 1
9 1 2 1
6 5 2 1
10 18 1 2
17 19 1 2
12 12 2 1
20 9 1 2
8 14 2 1
4 10 1 2
13 15 1 2
19 14 2 1
20 9 2 1
1 20 2 1
5 6 1 2
16 9 1 2
17 17 1 2
19 6 2 1
5 3 1 2
18 2 1 2
13 7 1 2
10 2 1 2
1 8 2 1
15 14 1 2
5 4 1 2
15 1 2 1
16 9 2 1
19 12 1 2
13 3 2 1
7 3 1 2
1 1 28 633
2 1 25 83
3 1 26 287
4 1 28 390
5 1 30 206
6 1 21 237
7 1 30 124
8 1 30 435
9 1 24 335
10 1 22 576
11 1 23 482
12 1 28 360
13 2 22 136
14 2 20 498
15 2 27 99
16 2 22 20
17 2 23 172
18 2 25 57
19 2 21 367
20 2 29 547
21 2 29 223
22 2 27 404
23 2 21 577
24 2 20 324
