60
145 91 2 1
102 64 2 1
82 147 2 1
74 51 2 1
76 125 2 1
94 128 2 1
89 111 2 1
148 130 1 2
84 82 2 1
93 90 2 1
146 125 2 1
134 136 2 1
53 105 2 1
120 133 1 2
96 88 2 1
65 138 2 1
121 61 2 1
106 87 2 1
94 101 1 2
135 120 2 1
91 94 1 2
98 137 1 2
69 141 1 2
112 54 2 1
144 94 1 2
79 89 2 1
71 52 2 1
148 141 1 2
121 55 2 1
81 64 1 2
66 86 2 1
97 92 1 2
107 97 1 2
141 141 1 2
117 88 1 2
149 111 2 1
92 139 1 2
80 98 1 2
79 141 2 1
142 73 2 1
83 68 2 1
60 108 1 2
128 77 1 2
101 56 1 2
87 126 1 2
50 116 2 1
89 134 2 1
91 66 1 2
131 99 1 2
123 126 2 1
102 81 1 2
148 72 2 1
106 129 2 1
144 120 1 2
106 124 1 2
122 139 1 2
126 98 1 2
145 124 1 2
95 103 2 1
144 149 2 1
1 1 28 4918
2 1 20 217
3 1 26 4131
4 1 30 6242
5 1 27 2001
6 1 22 4022
7 1 20 4851
8 1 26 1745
9 1 24 576
10 1 21 5400
11 1 23 4056
12 1 30 1370
13 2 29 4393
14 2 22 2693
15 2 24 1454
16 2 20 1429
17 2 27 4478
18 2 24 6079
19 2 22 3364
20 2 22 855
21 2 20 2817
22 2 24 6139
23 2 29 1907
24 2 22 1300
