60
19 1 1 2
1 17 1 2
14 6 1 2
14 9 2 1
15 11 2 1
3 2 2 1
4 10 1 2
19 15 2 1
7 9 2 1
5 8 2 1
1 13 2 1
13 16 1 2
18 15 1 2
6 13 2 1
18 4 2 1
17 4 1 2
1 6 2 1
5 6 1 2
12 2 2 1
20 5 2 1
11 13 2 1
5 18 2 1
3 12 2 1
9 10 2 1
11 10 1 2
15 13 2 1
7 14 2 1
11 20 1 2
2 6 1 2
2 5 1 2
19 12 1 2
15 3 1 2
20 13 1 2
6 11 2 1
5 15 2 1
16 19 2 1
15 18 1 2
7 17 2 1
13 1 1 2
9 20 1 2
14 2 2 1
2 19 1 2
5 14 2 1
10 3 1 2
15 19 2 1
17 20 1 2
4 13 2 1
2 19 2 1
3 11 1 2
19 3 2 1
7 15 2 1
5 19 2 1
10 9 2 1
7 10 1 2
5 11 1 2
18 17 1 2
3 19 1 2
1 14 1 2
10 2 2 1
14 2 1 2
1 1 20 200
2 1 26 408
3 1 29 292
4 1 26 378
5 1 27 80
6 1 25 164
7 1 22 619
8 1 22 221
9 1 29 8
10 1 24 546
11 1 24 452
12 1 27 49
13 2 28 466
14 2 26 6
15 2 29 342
16 2 28 236
17 2 25 131
18 2 25 574
19 2 24 174
20 2 20 391
21 2 24 88
22 2 29 411
23 2 22 275
24 2 20 520
