60
11 19 2 1
11 18 1 2
16 14 1 2
5 9 2 1
8 4 1 2
7 18 1 2
17 20 1 2
20 13 2 1
15 18 2 1
3 10 1 2
2 1 1 2
7 8 2 1
9 17 1 2
3 16 1 2
15 9 1 2
4 3 2 1
18 17 1 2
4 10 2 1
3 19 1 2
8 10 2 1
15 19 2 1
4 1 1 2
11 13 2 1
4 16 1 2
13 10 2 1
14 20 1 2
12 12 1 2
16 14 1 2
10 9 1 2
18 3 2 1
12 19 1 2
5 2 1 2
11 7 1 2
17 19 2 1
12 4 1 2
9 17 2 1
8 5 1 2
5 20 1 2
20 6 1 2
19 18 2 1
19 18 1 2
1 12 2 1
10 5 1 2
15 20 2 1
19 3 2 1
14 18 1 2
18 4 2 1
7 18 1 2
18 6 1 2
5 4 1 2
6 18 2 1
11 17 2 1
9 14 1 2
3 5 1 2
5 8 2 1
14 6 1 2
16 20 2 1
9 7 2 1
14 16 2 1
14 16 2 1
1 1 22 42
2 1 22 516
3 1 27 236
4 1 21 148
5 1 20 191
6 1 27 7
7 1 28 465
8 1 22 550
9 1 30 424
10 1 29 605
11 1 27 69
12 1 29 282
13 2 25 219
14 2 22 565
15 2 22 445
16 2 29 13
17 2 26 384
18 2 27 268
19 2 23 662
20 2 21 495
21 2 26 46
22 2 25 296
23 2 23 167
24 2 29 128
