60
9 3 1 2
16 8 2 1
8 1 1 2
14 5 1 2
15 18 2 1
18 6 2 1
4 2 1 2
17 1 2 1
9 3 1 2
3 4 2 1
16 13 1 2
17 20 1 2
12 13 1 2
6 3 2 1
6 14 2 1
15 6 2 1
15 3 2 1
14 17 2 1
1 17 2 1
16 5 2 1
4 20 1 2
4 1 2 1
15 7 2 1
4 13 2 1
5 4 1 2
19 16 2 1
18 1 2 1
7 19 1 2
12 1 2 1
12 16 1 2
17 12 1 2
15 12 1 2
17 7 1 2
11 17 2 1
19 8 1 2
9 20 2 1
8 19 1 2
18 18 1 2
13 13 1 2
18 3 1 2
16 9 2 1
13 17 1 2
16 11 1 2
9 17 2 1
10 9 2 1
2 14 2 1
12 13 2 1
10 2 2 1
8 4 2 1
10 20 2 1
3 17 2 1
4 8 1 2
15 14 1 2
16 4 1 2
8 13 2 1
3 16 2 1
20 14 2 1
5 6 1 2
8 17 2 1
8 13 2 1
1 1 29 543
2 1 27 32
3 1 22 122
4 1 28 597
5 1 23 638
6 1 30 249
7 1 29 413
8 1 22 309
9 1 29 151
10 1 25 448
11 1 25 185
12 1 20 2
13 2 25 352
14 2 25 476
15 2 30 38
16 2 26 198
17 2 29 114
18 2 21 12
19 2 20 150
20 2 29 388
21 2 23 300
22 2 28 443
23 2 24 323
24 2 21 526
