60
2 19 1 2
5 5 2 1
12 8 2 1
12 20 1 2
3 7 1 2
20 7 2 1
7 17 2 1
5 10 1 2
11 9 2 1
11 1 2 1
13 20 1 2
13 18 1 2
10 1 2 1
16 9 1 2
5 7 2 1
15 13 1 2
14 11 1 2
11 17 2 1
2 18 2 1
17 14 2 1
13 10 2 1
13 9 2 1
8 7 2 1
3 10 1 2
17 7 1 2
9 18 2 1
5 14 2 1
14 1 2 1
8 12 2 1
9 16 2 1
16 4 1 2
11 7 1 2
17 17 1 2
20 9 1 2
5 12 1 2
1 9 1 2
9 19 2 1
2 10 2 1
12 11 2 1
13 13 2 1
9 8 2 1
17 18 2 1
19 13 2 1
12 12 1 2
8 15 2 1
4 1 2 1
17 20 2 1
4 19 1 2
20 13 2 1
1 15 1 2
1 9 1 2
15 20 1 2
10 6 1 2
3 18 2 1
14 5 2 1
16 10 1 2
6 16 1 2
11 4 2 1
4 16 2 1
12 10 1 2
1 1 26 553
2 1 23 182
3 1 27 412
4 1 27 119
5 1 23 22
6 1 30 492
7 1 23 301
8 1 23 210
9 1 21 327
10 1 28 359
11 1 21 270
12 1 28 59
13 2 30 324
14 2 20 65
15 2 25 381
16 2 30 132
17 2 25 188
18 2 27 267
19 2 29 618
20 2 23 412
21 2 30 534
22 2 23 25
23 2 27 454
24 2 21 571
