60
15 17 1 2
11 5 1 2
18 1 1 2
1 9 2 1
16 7 2 1
10 2 2 1
5 8 1 2
12 19 1 2
12 12 2 1
20 16 1 2
13 18 2 1
14 3 1 2
5 13 2 1
16 5 2 1
18 5 1 2
11 3 1 2
17 12 2 1
9 2 1 2
4 11 2 1
20 1 2 1
1 7 1 2
11 10 1 2
2 19 2 1
10 17 2 1
19 14 2 1
8 11 1 2
2 16 2 1
4 5 1 2
17 1 1 2
16 13 2 1
16 14 2 1
14 3 1 2
9 14 1 2
18 10 1 2
19 12 1 2
10 3 1 2
7 4 1 2
4 14 2 1
4 1 2 1
18 5 1 2
5 5 2 1
1 16 1 2
1 7 2 1
18 18 2 1
5 8 1 2
17 12 2 1
12 13 2 1
17 17 1 2
20 10 1 2
1 3 2 1
14 20 1 2
18 12 2 1
1 17 1 2
20 20 1 2
11 3 1 2
3 2 2 1
12 10 2 1
14 1 1 2
7 14 2 1
13 16 2 1
1 1 24 547
2 1 22 646
3 1 28 149
4 1 23 320
5 1 25 45
6 1 26 579
7 1 22 8
8 1 22 347
9 1 28 386
10 1 20 92
11 1 27 257
12 1 22 619
13 2 26 332
14 2 28 15
15 2 27 160
16 2 28 371
17 2 28 80
18 2 26 433
19 2 26 206
20 2 26 288
21 2 23 532
22 2 21 464
23 2 23 240
24 2 30 492
