60
12 4 1 2
1 1 2 1
5 13 2 1
9 1 2 1
3 16 1 2
10 8 1 2
12 14 1 2
19 16 2 1
19 12 1 2
11 7 2 1
17 19 1 2
17 5 1 2
3 9 1 2
4 15 1 2
16 6 1 2
3 5 1 2
20 4 1 2
7 17 1 2
12 20 1 2
6 2 1 2
1 18 1 2
12 18 2 1
7 11 2 1
16 12 1 2
7 11 1 2
17 2 2 1
18 16 1 2
9 18 1 2
3 11 1 2
10 8 1 2
17 16 2 1
17 9 2 1
20 3 1 2
4 13 1 2
11 10 2 1
1 20 2 1
2 16 1 2
12 10 2 1
5 4 1 2
7 12 2 1
7 1 2 1
8 6 2 1
8 6 2 1
17 2 1 2
20 11 2 1
9 3 1 2
1 19 1 2
2 16 1 2
4 6 1 2
15 3 1 2
20 2 1 2
7 5 1 2
4 14 1 2
12 7 1 2
4 20 1 2
14 8 2 1
3 14 1 2
6 19 1 2
13 3 2 1
20 18 1 2
1 1 30 516
2 1 21 258
3 1 24 383
4 1 27 77
5 1 25 348
6 1 28 184
7 1 29 307
8 1 27 114
9 1 24 147
10 1 30 441
11 1 24 283
12 1 24 482
13 2 23 2
14 2 29 77
15 2 20 463
16 2 23 495
17 2 20 47
18 2 23 281
19 2 22 189
20 2 25 138
21 2 23 549
22 2 30 410
23 2 23 246
24 2 22 583
